random samples
4
X
Y
Z
U-random-sampling
169 28 0 0.412751
131 66 0 0.770452
228 171 0 0.0583454
47 291 0 0.916488
221 34 0 0.748362
195 212 0 0.881925
173 227 0 0.25192
256 152 0 0.700658
66 221 0 0.166254
7 278 0 0.474327
165 66 0 0.502776
220 188 0 0.263458
191 210 0 0.121383
5 123 0 0.542929
29 289 0 0.654812
77 36 0 0.483045
178 14 0 0.468725
224 144 0 0.649184
51 68 0 0.236189
170 290 0 0.131985
181 279 0 0.212741
91 6 0 0.0903194
205 9 0 0.106486
211 100 0 0.375713
51 219 0 0.950065
246 19 0 0.690594
123 95 0 0.375662
173 57 0 0.0583454
54 88 0 0.368649
209 156 0 0.571211
83 133 0 0.958295
76 4 0 0.762875
78 180 0 0.708363
215 109 0 0.744503
143 5 0 0.263792
49 2 0 0.347547
185 42 0 0.455058
166 263 0 0.242228
138 217 0 0.262715
148 155 0 0.192895
3 284 0 0.574057
180 67 0 0.0982936
139 173 0 0.641646
20 22 0 0.0583454
3 235 0 0.328303
72 148 0 0.884925
259 162 0 0.895963
58 218 0 0.964475
27 6 0 0.166498
4 286 0 0.738106
88 199 0 0.0583454
210 26 0 0.817707
56 202 0 0.846823
242 228 0 0.465597
257 217 0 0.490955
2 59 0 0.748311
204 203 0 0.384623
178 274 0 0.292778
134 250 0 0.380905
69 169 0 0.952244
172 94 0 0.752901
202 97 0 0.741901
123 213 0 0.634171
256 248 0 0.262112
129 45 0 0.224202
174 84 0 0.771477
111 199 0 0.0847425
67 108 0 0.402572
245 87 0 0.216728
178 262 0 0.414751
171 157 0 0.577941
9 206 0 0.122768
235 252 0 0.508776
108 73 0 0.789541
123 53 0 0.472084
35 74 0 0.778567
94 109 0 0.881348
84 269 0 0.234689
38 150 0 0.511865
206 283 0 0.278676
136 178 0 0.636133
232 65 0 0.876168
206 110 0 0.541096
163 211 0 0.973539
17 32 0 0.153806
204 162 0 0.730068
98 193 0 0.102717
122 274 0 0.14828
20 58 0 0.180741
39 200 0 0.648838
98 216 0 0.330214
91 88 0 0.92077
12 58 0 0.84331
61 154 0 0.999385
51 173 0 0.122896
100 182 0 0.297547
216 189 0 0.226292
201 253 0 0.817143
208 55 0 0.884719
49 167 0 0.941065
171 12 0 0.463763
139 134 0 0.475109
123 111 0 0.217754
168 212 0 0.306855
126 162 0 0.164408
140 246 0 0.284753
238 264 0 0.138857
118 37 0 0.208241
165 98 0 0.845464
156 209 0 0.787644
66 136 0 0.731914
197 91 0 0.795413
140 232 0 0.745696
75 298 0 0.348919
225 25 0 0.791503
3 238 0 0.0903194
76 221 0 0.0583454
257 34 0 0.449315
126 60 0 0.899117
151 170 0 0.766862
4 193 0 0.730401
231 256 0 0.234843
31 160 0 0.951206
165 7 0 0.67385
230 225 0 0.778464
39 91 0 0.580249
102 153 0 0.381559
142 241 0 0.595915
122 140 0 0.0621146
194 277 0 0.427366
150 52 0 0.926898
140 60 0 0.404315
107 53 0 0.381187
68 9 0 0.216766
10 106 0 0.483853
212 77 0 0.765016
171 228 0 0.366085
63 2 0 0.287676
172 177 0 0.252651
199 180 0 0.242112
137 19 0 0.229446
219 211 0 0.878899
84 170 0 0.910847
38 296 0 0.77849
203 136 0 0.491135
229 135 0 0.739273
213 11 0 0.885617
129 10 0 0.893989
112 139 0 0.375803
85 254 0 0.0583454
137 176 0 0.0736529
251 74 0 0.901412
241 287 0 0.0699735
227 279 0 0.114986
88 134 0 0.822502
211 134 0 0.609543
98 88 0 0.434776
2 2 0 0.0583454
29 12 0 0.132178
179 255 0 0.471084
192 299 0 0.118601
102 177 0 0.19451
76 141 0 0.959731
167 236 0 0.230792
234 145 0 0.183331
199 106 0 0.981987
258 14 0 0.304253
255 297 0 0.281445
227 287 0 0.124332
245 47 0 0.862027
183 80 0 0.210946
221 103 0 0.984949
86 167 0 0.737824
134 27 0 0.395277
99 218 0 0.390328
226 3 0 0.855169
73 139 0 0.985295
259 91 0 0.254984
175 193 0 0.366213
243 296 0 0.70644
182 43 0 0.612069
146 187 0 0.205664
160 130 0 0.507917
10 297 0 0.148908
207 259 0 0.851207
139 213 0 0.931321
82 198 0 0.0583454
160 78 0 0.887322
259 62 0 0.374739
100 134 0 0.902937
116 113 0 0.314522
32 89 0 0.0583454
99 49 0 0.279445
237 190 0 0.986526
83 88 0 0.301804
126 146 0 0.840541
49 64 0 0.0583454
74 211 0 0.0583454
114 90 0 0.215292
246 78 0 0.407751
