random samples
4
X
Y
Z
U-random-sampling
169 197 0 0.962834
131 160 0 0.411508
228 142 0 0.63412
47 194 0 0.939911
221 146 0 0.986834
195 161 0 0.719465
173 275 0 0.474007
256 136 0 0.307817
66 191 0 0.983244
7 181 0 0.326393
165 76 0 0.479507
220 227 0 0.724157
191 162 0 0.714158
5 87 0 0.395944
29 260 0 0.474904
77 3 0 0.62362
178 87 0 0.934911
224 296 0 0.102717
51 145 0 0.323291
170 175 0 0.281766
181 5 0 0.253266
91 267 0 0.319419
205 36 0 0.625787
211 190 0 0.283163
51 265 0 0.997756
246 45 0 0.651953
123 118 0 0.0583454
173 164 0 0.605761
54 141 0 0.358944
209 223 0 0.693119
83 173 0 0.913206
76 161 0 0.875514
78 124 0 0.896899
215 79 0 0.692555
143 12 0 0.228266
49 244 0 0.983385
185 197 0 0.602569
166 72 0 0.526916
138 199 0 0.333739
148 230 0 0.939642
3 158 0 0.601544
180 253 0 0.521711
139 97 0 0.708876
20 44 0 0.175882
3 235 0 0.328303
72 264 0 0.0583454
259 245 0 0.286676
58 149 0 0.968654
27 129 0 0.24692
4 98 0 0.536891
88 159 0 0.893283
210 290 0 0.565954
56 279 0 0.536929
242 261 0 0.462315
257 101 0 0.304881
2 243 0 0.774452
204 113 0 0.816669
178 2 0 0.557621
134 34 0 0.686145
69 207 0 0.691914
172 222 0 0.540557
202 117 0 0.496122
123 88 0 0.391431
256 192 0 0.606915
129 270 0 0.672504
174 229 0 0.198267
111 298 0 0.731311
67 294 0 0.0839989
245 262 0 0.362572
178 283 0 0.237292
171 211 0 0.991833
9 256 0 0.24583
235 100 0 0.132088
108 154 0 0.368367
123 114 0 0.189639
35 261 0 0.740644
94 84 0 0.917834
84 299 0 0.497417
38 202 0 0.78099
206 281 0 0.287073
136 210 0 0.750811
232 168 0 0.0583454
206 185 0 0.0583454
163 12 0 0.794092
17 239 0 0.401662
204 161 0 0.652338
98 94 0 0.377098
122 184 0 0.0583454
20 299 0 0.404354
39 115 0 0.262163
98 133 0 0.93418
91 38 0 0.54716
12 114 0 0.0621146
61 274 0 0.537173
51 96 0 0.606338
100 145 0 0.266304
216 56 0 0.816054
201 86 0 0.914104
208 132 0 0.110665
49 284 0 0.849156
