random samples
4
X
Y
Z
U-random-sampling
169 102 0 0.886284
131 242 0 0.576146
228 65 0 0.453533
47 280 0 0.918847
221 296 0 0.0896271
195 3 0 0.0756144
173 235 0 0.310765
256 205 0 0.578518
66 154 0 0.863656
7 80 0 0.0583454
165 199 0 0.777759
220 233 0 0.947142
191 142 0 0.469994
5 296 0 0.223023
29 148 0 0.296586
77 201 0 0.622928
178 129 0 0.16337
224 78 0 0.575262
51 283 0 0.800797
170 206 0 0.987398
181 197 0 0.472186
91 10 0 0.292278
205 271 0 0.350406
211 125 0 0.115447
51 142 0 0.546698
246 40 0 0.894886
123 108 0 0.242279
173 97 0 0.964295
54 44 0 0.173664
209 238 0 0.645299
83 156 0 0.701453
76 268 0 0.0583454
78 238 0 0.0583454
215 188 0 0.289855
143 20 0 0.630428
49 236 0 0.97827
185 113 0 0.602723
166 141 0 0.387969
138 23 0 0.54216
148 46 0 0.436148
3 113 0 0.729157
180 105 0 0.345842
139 14 0 0.0651146
20 71 0 0.815246
3 58 0 0.674312
72 115 0 0.411649
259 250 0 0.0621146
58 232 0 0.759016
27 241 0 0.200613
4 57 0 0.634864
