random samples
4
X
Y
Z
U-random-sampling
255 31 0 0.01
258 157 0 407.696
215 80 0 243.542
116 91 0 5.793
15 81 0 26.963
160 97 0 6.482
237 162 0 0
67 231 0 0
158 230 0 86.91
113 78 0 46.818
246 105 0 5.872
83 205 0 0
143 210 0 210.18
55 296 0 0.897
68 191 0 861.148
115 150 0 2.536
6 151 0 88.032
153 96 0 178.596
57 218 0 1453.99
216 180 0 0
217 1 0 1272.4
107 294 0 117.244
56 238 0 3207.12
135 96 0 88.462
234 161 0 0
38 98 0 258.772
248 131 0 0
201 29 0 11.611
207 106 0 760.634
95 199 0 1.814
241 117 0 31.129
119 130 0 12.699
46 142 0 289.356
192 209 0 0.99
58 286 0 944.825
85 132 0 2386.15
204 146 0 1222.2
84 6 0 0.208
91 297 0 1024.78
181 89 0 469.826
197 56 0 579.423
243 9 0 494.377
254 159 0 337.702
186 1 0 6.953
125 113 0 0.01
189 257 0 6.219
33 7 0 0.181
12 73 0 213.102
258 172 0 60.071
251 64 0 90.341
