random samples
4
X
Y
Z
U-random-sampling
177 299 0 0.617
32 285 0 513.056
156 111 0 71.779
59 258 0 514.45
28 68 0 754.001
107 232 0 514.188
105 10 0 160.068
35 72 0 318.269
206 266 0 367.739
179 58 0 0
257 67 0 116.174
30 100 0 296.456
46 143 0 585.679
28 199 0 79.513
77 93 0 559.868
62 161 0 896.631
22 223 0 46.586
211 44 0 67.75
53 239 0 666.891
162 280 0 0.014
26 98 0 320.946
111 159 0 12.355
20 51 0 26.794
94 92 0 1976.28
213 40 0 628.04
46 293 0 466.067
20 65 0 620.918
254 184 0 537.305
153 257 0 3.391
205 246 0 224.392
94 277 0 92.454
226 33 0 4.319
168 299 0 1.138
8 290 0 27.193
7 197 0 111.909
178 138 0 34.429
80 287 0 7.741
90 113 0 310.642
254 127 0 60.777
132 220 0 90.118
182 141 0 17.861
103 56 0 45.3
125 146 0 48.702
205 139 0 442.486
233 70 0 51.306
130 27 0 123.887
19 189 0 0.344
25 266 0 60.503
63 75 0 1.919
42 26 0 0.747
128 132 0 19.846
67 211 0 1724.17
76 203 0 141.306
208 280 0 18.252
188 81 0 211.646
40 77 0 430.989
13 99 0 50.129
159 230 0 65.075
223 259 0 7.964
44 129 0 9.652
252 22 0 406.4
137 75 0 131.469
105 216 0 84.553
44 116 0 18.197
51 157 0 1147.14
246 257 0 37.825
118 109 0 6.231
100 57 0 96.685
137 239 0 21.906
16 294 0 143.53
230 125 0 224.847
192 116 0 29.095
106 143 0 52.984
4 235 0 0.01
251 205 0 24.899
126 257 0 0.164
116 4 0 88.134
100 296 0 395.759
0 115 0 4.13
137 285 0 291.887
30 245 0 176.257
197 228 0 5.008
146 92 0 572.559
76 283 0 3.009
200 44 0 3.009
216 87 0 626.597
32 164 0 954.958
10 104 0 126.011
188 189 0 0.01
141 105 0 1121.05
72 224 0 0
164 182 0 2.724
51 209 0 531.526
116 77 0 187.491
215 74 0 568.091
148 84 0 132.302
79 6 0 8.737
74 98 0 521.772
0 299 0 10.029
23 122 0 11.132
66 155 0 1113.6
196 18 0 29.729
123 207 0 29.412
22 169 0 285.789
51 297 0 905.249
129 51 0 2.804
123 261 0 0.112
127 226 0 370.713
61 183 0 1234.55
251 209 0 369.378
179 285 0 11.824
120 226 0 683.073
78 11 0 0.09
199 225 0 140.542
90 15 0 0.038
45 293 0 577.146
103 203 0 0.01
79 25 0 17.05
51 128 0 14.25
148 285 0 141.155
106 113 0 1112.06
76 54 0 0.841
173 209 0 805.818
35 220 0 639.113
39 156 0 227.882
29 112 0 59.284
110 173 0 0.926
86 46 0 428.891
212 179 0 1.491
233 201 0 0.694
24 43 0 1.415
95 170 0 12.413
181 73 0 0.021
20 11 0 0.059
9 23 0 1.6
230 115 0 236.521
45 71 0 8.239
104 15 0 887.894
167 7 0 216.025
121 103 0 2.96
241 169 0 70.836
252 256 0 22.74
100 258 0 176.523
206 18 0 24.849
245 90 0 0
250 288 0 1.286
52 251 0 1118.3
206 181 0 0
20 139 0 3.885
151 177 0 1095.26
90 279 0 21.214
112 211 0 6.41
2 282 0 12.514
187 66 0 0.085
100 133 0 500.749
169 65 0 0
223 11 0 631.186
70 279 0 0
227 173 0 0
208 298 0 87.171
233 159 0 0
199 21 0 9.04
255 10 0 46.579
170 61 0 0
153 292 0 30.674
171 188 0 37.916
16 25 0 0
205 89 0 149.405
79 205 0 0
234 212 0 88.387
16 208 0 260.651
230 194 0 254.908
143 42 0 91.565
71 212 0 0
198 133 0 6.316
111 127 0 908.437
248 226 0 1.041
219 173 0 13.722
187 41 0 3.65
257 193 0 5.694
4 34 0 3.979
221 212 0 545.496
105 211 0 43.641
29 172 0 22.748
211 88 0 1892.93
159 194 0 142.975
161 58 0 228.084
40 283 0 610.306
15 171 0 3.997
73 147 0 61.863
37 40 0 1.217
239 79 0 19.778
193 217 0 3.085
162 247 0 11.653
150 176 0 1766.63
77 288 0 3.844
155 90 0 538.514
69 293 0 0.186
80 149 0 78.093
59 98 0 39.153
