random samples
4
X
Y
Z
U-random-sampling
43 113 0 84.989
244 128 0 3.142
11 55 0 1503.54
231 176 0 4.876
37 40 0 1.217
189 285 0 6.02
7 133 0 9.844
183 119 0 26.357
253 245 0 0
110 298 0 38.302
243 208 0 238.276
17 203 0 124.033
61 38 0 0.355
105 209 0 0.856
67 99 0 212.055
206 260 0 455.457
120 249 0 32.409
78 234 0 0
138 16 0 637.441
147 190 0 2.241
37 248 0 195.542
157 59 0 94.982
19 275 0 328.681
168 27 0 26.333
135 202 0 12.859
224 5 0 642.98
98 94 0 22.581
54 101 0 0.087
88 294 0 37.178
166 213 0 61.92
79 278 0 6.585
18 144 0 10.066
190 219 0 295.522
69 115 0 0
82 275 0 8.358
229 109 0 681.568
83 11 0 0.015
255 46 0 91.281
68 170 0 1242.7
47 221 0 250.724
88 48 0 332.041
142 28 0 305.29
208 53 0 290.361
231 148 0 223.061
251 294 0 8.254
153 90 0 1179.43
3 274 0 637.959
35 99 0 0.043
132 61 0 29.55
172 214 0 473.611
212 225 0 1191.68
86 253 0 0
223 52 0 17.044
6 270 0 45.774
244 206 0 25.749
21 247 0 27.558
13 104 0 28.194
26 225 0 28.807
124 132 0 341.419
251 8 0 138.049
42 54 0 361.638
216 62 0 242.906
123 1 0 23.35
249 194 0 320.688
145 76 0 276.366
79 164 0 4066.32
13 201 0 133.796
89 162 0 0.182
232 224 0 1560.08
7 173 0 450.141
53 199 0 277.09
24 3 0 0.208
101 286 0 309.283
180 118 0 16.203
52 229 0 700.18
171 139 0 17.066
183 246 0 776.481
44 14 0 5.763
50 237 0 2601.75
120 2 0 56.012
155 134 0 283.543
250 102 0 16.109
233 289 0 2.288
101 259 0 87.166
64 96 0 0
222 209 0 582.98
196 191 0 21.02
46 277 0 1995.03
82 9 0 4.028
52 207 0 631.405
97 251 0 81.826
139 256 0 5.222
231 282 0 0.167
7 228 0 2.018
65 50 0 30.135
6 91 0 144.758
201 67 0 53.892
205 170 0 47.7
215 255 0 76.205
215 180 0 0
