random samples
4
X
Y
Z
U-random-sampling
131 19 1 1.3803
102 45 1 0.22238
176 115 1 0.88769
37 195 1 -0.71281
171 24 1 0.23678
151 142 1 -0.51018
134 152 1 0.49048
198 102 1 0.82632
52 148 1 -1.0579
6 186 1 -0.25863
128 45 1 2.1755
170 126 1 0.081858
148 141 1 0.047954
5 83 1 -0.84341
23 194 1 0.23134
60 25 1 1.0828
138 10 1 1.5385
173 97 1 1.0087
40 46 1 0.56216
132 194 1 0.27302
140 187 1 0.9387
71 5 1 1.3145
158 7 1 0.76313
163 67 1 1.6089
40 147 1 0.55697
190 14 1 -0.40921
96 64 1 0.29944
134 39 1 1.6016
43 59 1 -0.059805
162 105 1 2.1608
64 89 1 -0.78876
59 3 1 1.1578
61 121 1 -0.25689
166 73 1 0.88709
111 4 1 0.89718
39 2 1 1.6082
143 29 1 0.83768
128 176 1 -0.18349
107 145 1 -0.62616
115 104 1 0.19224
3 190 1 -0.92726
140 45 1 1.0793
107 116 1 -0.52864
16 16 1 0.25236
3 158 1 -0.24095
56 99 1 0.41724
200 109 1 0.44664
46 146 1 -0.39596
22 5 1 0.0066012
4 192 1 -0.93351
69 134 1 -0.18687
162 18 1 1.0768
44 135 1 -0.5196
187 153 1 0.67437
198 146 1 -0.19025
3 40 1 -0.60204
157 136 1 1.2494
138 184 1 0.83059
104 168 1 -0.77207
54 114 1 -0.70866
133 64 1 1.1378
156 65 1 1.2211
96 143 1 -0.034996
198 166 1 1.0205
100 31 1 1.2347
135 57 1 1.1956
87 134 1 -0.95007
53 73 1 0.0781
189 59 1 1.3948
138 176 1 0.33579
132 106 1 0.62464
8 138 1 0.12137
182 169 1 -0.6118
84 50 1 1.9644
96 36 1 0.9013
28 50 1 0.45466
73 74 1 -0.085254
66 180 1 -0.3793
30 101 1 -0.63369
160 189 1 -0.32061
105 119 1 -0.78406
179 44 1 1.1861
159 74 1 2.0377
126 141 1 0.8893
14 22 1 -0.54542
158 109 1 1.4797
76 129 1 0.24487
95 184 1 0.39138
16 39 1 0.44134
31 134 1 -0.48356
76 145 1 0.9999
71 59 1 -0.12626
10 39 1 -0.50321
48 103 1 -0.12074
40 116 1 -0.50695
78 122 1 0.20909
167 127 1 0.43119
155 169 1 -0.28825
161 37 1 1.6852
39 112 1 -0.35806
132 9 1 0.76853
108 90 1 0.29809
96 75 1 -0.44946
130 142 1 0.90772
98 109 1 -0.80257
108 165 1 -0.15745
184 177 1 -0.43813
92 25 1 0.90077
128 66 1 0.28923
121 140 1 0.43173
52 92 1 -0.22354
152 62 1 0.77424
109 156 1 -0.97234
59 199 1 -0.52112
174 17 1 0.64655
3 159 1 -0.55262
59 148 1 -0.68882
198 23 1 -0.97896
98 41 1 0.64771
117 114 1 0.41447
4 130 1 0.86235
179 172 1 -1.2996
25 108 1 -0.51495
128 5 1 1.1829
178 151 1 0.38907
31 62 1 0.64589
79 103 1 -0.37583
110 161 1 -0.4189
95 94 1 -0.61793
150 186 1 -1.0902
116 36 1 0.84192
108 41 1 1.3981
84 36 1 1.7766
53 7 1 0.60511
9 71 1 -0.74814
164 52 1 0.53123
132 153 1 0.81746
49 2 1 1.6938
133 119 1 0.91167
154 121 1 0.42652
106 13 1 1.0783
170 141 1 -0.09213
66 114 1 0.24272
30 198 1 -1.2946
157 91 1 0.95918
177 91 1 1.1467
164 8 1 0.57001
100 7 1 1.6391
87 93 1 0.17657
66 170 1 -0.67773
107 118 1 -1.0749
194 50 1 0.28961
187 192 1 -0.0046448
175 187 1 -0.94526
68 90 1 -0.88247
163 90 1 0.99933
76 59 1 -0.0087247
2 2 1 -0.43353
23 9 1 0.41587
139 171 1 -0.39098
149 200 1 -0.12982
79 119 1 -0.1843
59 95 1 -0.21751
129 158 1 0.60066
181 98 1 0.63192
154 71 1 0.37954
200 10 1 -1.2812
197 199 1 -1.52
176 192 1 -1.4082
190 32 1 0.037369
142 54 1 0.57692
171 70 1 1.558
67 112 1 -0.22742
104 19 1 0.61817
77 146 1 1.5265
175 3 1 0.40332
57 93 1 -0.20805
200 61 1 0.99857
136 129 1 0.80191
188 198 1 -0.91823
141 29 1 1.0238
113 125 1 -0.33934
124 87 1 0.8917
9 199 1 -1.3149
160 174 1 0.25392
108 143 1 -0.43703
64 133 1 -0.78692
124 53 1 1.866
200 42 1 0.19422
78 90 1 -0.28664
90 76 1 0.26501
26 60 1 0.5907
77 34 1 0.99752
183 127 1 0.36244
65 59 1 0.1069
98 98 1 -0.97686
38 44 1 1.06
58 142 1 -0.65742
89 61 1 0.27771
190 53 1 1.0519
