random samples
4
X
Y
Z
U-random-sampling
130 68 0 0.399502
101 161 0 -0.858947
175 43 0 0.857644
36 186 0 -0.707671
170 197 0 -1.58344
150 2 0 1.41827
133 156 0 0.247236
197 137 0 0.27309
51 103 0 -0.200018
5 53 0 -0.485681
127 132 0 0.449636
169 155 0 -0.743545
147 95 0 1.29439
4 197 0 -1.75859
22 99 0 -0.134357
59 134 0 -0.22003
137 86 0 -0.346933
172 52 0 2.19275
39 188 0 -1.47783
131 137 0 -0.112889
139 131 0 0.4329
70 7 0 1.10713
157 181 0 -0.0405258
162 83 0 0.544292
39 95 0 -0.351863
189 27 0 0.119342
95 72 0 -0.00847252
133 65 0 0.68439
42 29 0 1.34081
161 159 0 0.517215
63 104 0 0.285443
58 178 0 -1.42806
60 158 0 -1.12775
165 125 0 0.761012
110 13 0 0.947238
38 157 0 -0.0771013
142 75 0 0.260513
127 94 0 1.26831
106 15 0 0.284774
114 30 0 1.35552
2 75 0 -0.0618317
139 70 0 0.584268
106 9 0 1.52556
15 47 0 0.474943
2 39 0 -0.602038
55 77 0 -0.205698
199 166 0 0.457032
45 154 0 -0.355877
21 160 0 0.89039
3 38 0 -0.167399
