TI1 (50x50x1)
1
Real__real0
4.34782171249 
3.65597295761 
4.7247633934 
4.37723779678 
5.19866609573 
4.05379581451 
3.98608803749 
4.34706449509 
3.66046667099 
4.1805434227 
3.33142852783 
3.48097848892 
3.04182982445 
3.11682367325 
2.80283761024 
2.57143974304 
2.65483474731 
2.0691318512 
2.11199569702 
1.70104110241 
1.70238733292 
0.886123359203 
2.27289295197 
2.09175109863 
1.93402814865 
2.28035855293 
2.08468604088 
1.94800448418 
1.98218607903 
2.29148459435 
2.11972355843 
1.7662050724 
2.08974003792 
1.91119647026 
2.267786026 
2.08034849167 
2.18157124519 
2.28782320023 
3.10450673103 
2.28043365479 
3.03425717354 
2.2597026825 
3.22851681709 
3.17083716393 
2.72672581673 
3.5516512394 
2.37818908691 
3.34159803391 
3.22416520119 
2.80430150032 
4.2987165451 
4.08241605759 
4.37384557724 
4.60957717896 
5.65324544907 
4.68443918228 
4.03593111038 
4.71995830536 
3.19669389725 
4.02189159393 
2.90963745117 
2.57857656479 
3.06135487556 
2.74301791191 
2.85308623314 
2.45802974701 
2.21359109879 
2.04823279381 
2.43668031693 
2.15964698792 
1.80611979961 
2.15509223938 
2.02535223961 
2.40365719795 
1.67597734928 
2.02832150459 
1.7552177906 
2.01430702209 
2.40899038315 
1.49886631966 
2.17751502991 
1.74152183533 
1.61266827583 
2.37335038185 
2.02348947525 
1.5266919136 
2.07059860229 
2.57772374153 
2.80062460899 
3.27983355522 
3.01709485054 
2.83866119385 
3.42665600777 
2.54756855965 
3.28098750114 
2.42013430595 
2.89709568024 
3.36585974693 
3.71446967125 
3.75897336006 
4.1269865036 
3.55048632622 
4.67741584778 
4.52348995209 
5.39178752899 
4.87289428711 
4.75313472748 
4.5299911499 
3.9922106266 
3.74461388588 
3.87738108635 
3.16373252869 
2.90708613396 
2.54784750938 
2.62370944023 
2.92528820038 
2.16385793686 
2.60788249969 
2.15366029739 
2.04509449005 
2.35166335106 
1.58491230011 
1.44707596302 
2.05004310608 
2.27682065964 
1.95774209499 
2.22695827484 
2.06803250313 
2.09436607361 
1.42572164536 
1.38238120079 
1.55576467514 
1.15288364887 
2.00758624077 
1.91147089005 
1.82573914528 
2.58178973198 
2.80320382118 
2.48088264465 
2.70949578285 
3.03793668747 
3.30720186234 
2.65999484062 
2.24415826797 
2.62467455864 
3.02817845345 
3.86214256287 
3.41996097565 
3.23150610924 
3.28349995613 
3.52249836922 
3.81959271431 
5.07194280624 
5.17110061646 
5.12718820572 
4.9572429657 
4.11816310883 
4.12101745605 
3.51290988922 
3.39208292961 
3.40816259384 
3.15467858315 
3.29555010796 
2.87301325798 
2.75440907478 
2.67943477631 
2.42472457886 
2.35470175743 
2.04742646217 
2.41199946404 
2.51488280296 
2.09038615227 
2.01267766953 
1.52405440807 
1.61141324043 
1.89215672016 
2.26931405067 
1.8360991478 
1.89547288418 
1.97501313686 
1.6215211153 
2.24796366692 
1.8666870594 
1.69286417961 
1.9026068449 
1.51935493946 
2.21433973312 
2.52540421486 
2.46630501747 
2.81369757652 
2.48057460785 
2.50084686279 
2.57389545441 
2.40343952179 
2.96177983284 
3.00615954399 
3.38523054123 
3.49460506439 
3.07573318481 
3.01897501945 
3.8935148716 
4.00164175034 
3.90529704094 
4.77388525009 
4.63723421097 
4.53545331955 
3.9300634861 
3.86596727371 
3.99158287048 
3.63207221031 
3.39312887192 
2.5265724659 
2.86180591583 
2.76254248619 
2.56270217896 
2.41992044449 
2.38571190834 
2.0317568779 
1.78960692883 
1.78595280647 
1.76260960102 
1.68041503429 
1.61089968681 
1.32770240307 
1.29764270782 
1.95017969608 
1.07519674301 
1.51869428158 
2.35176515579 
1.484775424 
1.8612780571 
1.51229226589 
1.9436570406 
1.55532252789 
1.9036822319 
2.11231088638 
2.13106584549 
2.51088166237 
2.94112634659 
3.35038399696 
2.12998247147 
3.30854845047 
2.90189576149 
3.07837724686 
3.00573682785 
3.2283244133 
3.21046257019 
3.25881743431 
2.09773802757 
3.93000340462 
3.70097494125 
3.4653429985 
4.06069469452 
5.18699359894 
4.66073656082 
3.70965337753 
4.25106525421 
3.32794880867 
3.63870978355 
2.85953593254 
3.05619096756 
3.06456518173 
2.55340504646 
2.37932062149 
2.70815777779 
2.41311597824 
0.973522126675 
2.09457540512 
2.09913420677 
2.20166993141 
1.95474386215 
1.48642516136 
1.31956458092 
1.61214292049 
2.11643075943 
1.40588891506 
1.72697746754 
1.80211365223 
1.65165185928 
1.7900210619 
2.04449295998 
2.36992740631 
1.97076189518 
2.03848552704 
1.6488609314 
1.9092553854 
2.32258057594 
2.49789094925 
3.32334637642 
2.81443047523 
2.6609172821 
2.27615261078 
2.83173894882 
3.24630951881 
2.83207345009 
3.36211919785 
3.4889061451 
2.93271040916 
3.4762070179 
2.41402673721 
4.28980302811 
3.92085075378 
4.02836608887 
3.74118375778 
4.59095430374 
4.33112382889 
3.37910819054 
3.52587342262 
3.99415612221 
3.74809551239 
2.37447333336 
3.11008930206 
3.14519453049 
3.3213224411 
2.41486048698 
1.93219697475 
2.39647126198 
1.47937309742 
2.15117454529 
1.75015032291 
1.95458996296 
2.18129324913 
1.90953493118 
1.47823727131 
1.55683863163 
1.60201323032 
1.79537081718 
1.45178830624 
1.66457486153 
1.64079225063 
1.61444497108 
2.23837065697 
1.83510994911 
2.0062930584 
2.43312597275 
1.64035642147 
2.69268012047 
2.52759408951 
2.9256939888 
2.43959331512 
2.15436172485 
3.00082921982 
3.7081155777 
2.61728096008 
3.39419484138 
3.31078386307 
2.88794279099 
3.16935658455 
1.95217776299 
2.69160580635 
3.86698317528 
3.17686629295 
3.59554934502 
3.86965656281 
4.60729598999 
4.11132335663 
3.68557715416 
3.32675623894 
4.03521442413 
3.21745085716 
3.27359843254 
2.88404846191 
2.89390015602 
2.34368777275 
3.02591753006 
1.8451808691 
2.18566465378 
2.33455109596 
2.71751356125 
2.12930345535 
1.38600039482 
2.23556423187 
2.09044289589 
1.70863258839 
1.68666946888 
2.09987998009 
1.2087315321 
0.71261370182 
1.77466619015 
1.84579730034 
1.57465136051 
2.09248137474 
1.63751196861 
2.38403558731 
1.24290704727 
1.40280556679 
2.54265165329 
2.51682066917 
2.54059720039 
2.09476804733 
3.13384866714 
2.93880367279 
2.86183714867 
2.7594294548 
2.98445892334 
3.60083222389 
3.62495231628 
3.13575863838 
2.58845877647 
3.32702064514 
3.22670078278 
3.70497226715 
4.22628593445 
3.37194633484 
3.84744882584 
3.93988060951 
3.14057660103 
3.33375620842 
3.67466616631 
2.93859291077 
2.9153342247 
2.81139993668 
2.77330064774 
2.30467653275 
2.44809508324 
2.39928174019 
2.29317522049 
1.89010632038 
1.81252884865 
1.76955246925 
2.77971601486 
1.9695700407 
1.81032764912 
1.40462076664 
0.711490511894 
1.11622750759 
1.117369771 
0.741944849491 
0.898479163647 
2.28887724876 
2.03642868996 
2.3191306591 
1.72519695759 
2.3555727005 
2.30864810944 
2.28589773178 
2.25133943558 
2.68096375465 
2.79751253128 
2.83233499527 
3.16635680199 
2.90488982201 
2.94572877884 
3.29049491882 
2.97217798233 
3.45436143875 
3.35658216476 
2.98589348793 
2.78815555573 
2.63638186455 
3.75300502777 
3.27392101288 
4.2521481514 
3.71010112762 
3.96560144424 
3.8040060997 
3.56492042542 
2.66996312141 
3.45318365097 
3.50924086571 
3.0419523716 
3.01112651825 
2.59499263763 
2.43156909943 
1.75508522987 
2.2155354023 
1.98904132843 
1.57459127903 
1.83667206764 
2.10624480247 
1.68278288841 
1.44290339947 
2.19195628166 
1.804220438 
1.47171700001 
1.27888798714 
1.13351595402 
1.07398962975 
1.5406627655 
1.43136548996 
1.75926780701 
2.6759147644 
1.91002702713 
2.15152144432 
1.93724775314 
2.01551103592 
2.21417331696 
2.45672249794 
2.80337738991 
3.1325879097 
2.84110236168 
2.66185736656 
3.02784562111 
2.58363246918 
3.12673902512 
3.1878888607 
3.47723770142 
3.54895973206 
3.01364302635 
3.51115012169 
3.79513430595 
3.75538730621 
4.25604009628 
3.20078754425 
3.39759469032 
3.79361319542 
3.16708135605 
3.40139126778 
3.48270583153 
3.18181061745 
3.22287154198 
2.91895389557 
3.20865416527 
2.6925098896 
2.44002246857 
2.6377389431 
2.75974583626 
2.31156778336 
2.02979469299 
1.81838691235 
2.08839321136 
1.5654706955 
1.52054214478 
1.70959246159 
1.0880548954 
1.21414995193 
1.14584374428 
1.41361451149 
1.29284739494 
1.58780121803 
2.1415245533 
2.13097763062 
2.10959720612 
2.24528336525 
2.43891954422 
2.01851797104 
2.5294675827 
2.70483446121 
2.73032808304 
2.67558002472 
3.34131526947 
2.66007614136 
2.86884140968 
2.67161011696 
2.56069040298 
2.40600609779 
3.41715669632 
3.65937209129 
3.00950241089 
3.17208552361 
3.88743066788 
3.82232141495 
3.42529034615 
3.29155015945 
3.82803750038 
3.12591528893 
3.5734398365 
3.50054216385 
3.37777733803 
3.10100460052 
2.97868561745 
2.92813301086 
2.69046998024 
2.39282226562 
2.84445643425 
2.56632304192 
2.41416454315 
2.24166369438 
2.39106202126 
1.37554585934 
2.16684150696 
1.31421363354 
1.56134963036 
1.98600018024 
1.07995283604 
1.12574768066 
1.51830875874 
1.17315292358 
1.15065407753 
1.70742571354 
1.95010745525 
2.61396360397 
2.13570475578 
2.38071775436 
2.56267428398 
2.99757385254 
2.58813476562 
2.90686249733 
3.3175034523 
3.88840126991 
3.33969926834 
2.90215563774 
3.40566086769 
2.47131538391 
2.79390525818 
2.99635434151 
3.73175787926 
3.37783479691 
2.87045788765 
2.85021829605 
3.52673006058 
3.50775408745 
3.53666305542 
2.81295537949 
3.22384309769 
3.01631999016 
3.76651620865 
3.01662516594 
3.20812106133 
3.08913350105 
2.82940196991 
2.1867082119 
2.64173650742 
3.03327703476 
2.73753476143 
2.40239429474 
2.61401557922 
2.5618827343 
1.76592040062 
1.65063560009 
1.23487436771 
1.55924463272 
2.01754546165 
1.54494452477 
1.75586807728 
2.03179907799 
1.41233742237 
1.38920974731 
0.884481012821 
1.09383177757 
2.4237370491 
2.5430419445 
2.53594732285 
2.1833088398 
3.24376869202 
2.55186343193 
2.80429553986 
2.50664043427 
2.79842495918 
3.17005729675 
3.56081914902 
3.48609209061 
2.52067279816 
3.17911100388 
3.11460638046 
3.39034152031 
3.2278573513 
3.66374540329 
3.58301639557 
3.48372125626 
4.44141435623 
2.86352586746 
3.38655090332 
2.76722288132 
2.85249853134 
3.20562911034 
3.47243022919 
3.34925913811 
2.96969437599 
3.25205874443 
2.66098809242 
2.43238759041 
3.04663777351 
3.11095094681 
2.47606778145 
1.73555135727 
2.63590502739 
2.37597823143 
2.09817218781 
1.18847107887 
1.48691797256 
1.68313992023 
1.6427257061 
1.33884429932 
1.56121003628 
1.32070291042 
1.12565636635 
1.25240337849 
1.37253320217 
2.27332854271 
2.69337105751 
2.78698182106 
2.94749832153 
2.62998223305 
2.28738260269 
2.59609985352 
2.96508932114 
3.10617303848 
3.20186114311 
3.1481423378 
3.30099272728 
3.22908782959 
2.42491173744 
3.7941634655 
2.54637646675 
3.0198776722 
3.31284403801 
3.69936513901 
3.76523900032 
4.41345214844 
4.24775695801 
3.9895131588 
2.75868844986 
3.15560078621 
3.05970191956 
3.18578267097 
3.08550333977 
3.17325377464 
3.24874520302 
2.85209202766 
2.31301832199 
2.57005620003 
3.45870661736 
3.22370934486 
2.55946588516 
2.2178914547 
2.31172394753 
2.3143324852 
1.52235841751 
1.69170844555 
0.811164021492 
1.7815682888 
2.09831833839 
1.70282375813 
1.19874000549 
1.44196045399 
1.61754143238 
1.90661013126 
2.10650467873 
2.05107402802 
2.64450597763 
2.91948580742 
2.7372174263 
2.357858181 
3.22580528259 
3.28827118874 
3.45693445206 
3.06216096878 
2.47236657143 
3.33201646805 
3.47692799568 
3.42309856415 
4.01636219025 
3.15726017952 
3.36297631264 
3.77083349228 
4.235891819 
4.26570558548 
3.7218542099 
3.96763706207 
3.86691117287 
3.52194094658 
3.2330083847 
2.75307559967 
3.06044530869 
3.28777050972 
3.40269684792 
4.28077077866 
3.42700529099 
3.01937460899 
2.70813035965 
2.58425021172 
2.49107837677 
3.06806731224 
2.97912740707 
2.38078427315 
2.69874358177 
1.55535507202 
1.8672747612 
1.13794052601 
2.45150470734 
1.4119284153 
2.13579463959 
1.44439852238 
1.24876749516 
1.17236924171 
1.60497069359 
1.75776100159 
2.42240214348 
1.8774933815 
1.9856979847 
3.15867090225 
3.16356658936 
2.71531653404 
3.54754304886 
3.20576834679 
4.12280368805 
3.43265652657 
3.42138576508 
2.86970710754 
3.97487711906 
3.49745130539 
3.35384869576 
3.42916154861 
3.14585661888 
3.3862593174 
4.06913995743 
4.06052494049 
4.2140712738 
4.18214178085 
4.05305528641 
4.06149291992 
3.1864593029 
3.29921650887 
3.2738673687 
3.42625880241 
3.1649415493 
3.05586767197 
3.91586780548 
2.88001537323 
2.98475289345 
2.71847105026 
1.69415485859 
2.94831895828 
2.47328495979 
2.49285984039 
2.26878428459 
2.23405051231 
1.44164347649 
1.35153019428 
1.05998337269 
1.73072361946 
2.40246319771 
2.18329405785 
1.83999168873 
1.0248311758 
2.08822870255 
2.05017518997 
2.11618757248 
1.92879724503 
2.31672000885 
3.55567336082 
3.28456139565 
2.4295091629 
3.58062052727 
3.48796033859 
3.65697407722 
2.99888157845 
3.1807975769 
3.5144546032 
3.66014528275 
4.07864284515 
4.00584554672 
3.9588124752 
3.91883778572 
3.48433804512 
4.225938797 
4.0424489975 
3.88394260406 
4.73172998428 
3.37080430984 
3.94501757622 
3.20073366165 
3.28467202187 
3.07021903992 
2.6618244648 
3.40107750893 
3.24128866196 
3.26885390282 
2.70377969742 
2.82994246483 
2.89784526825 
2.88423275948 
2.37569594383 
2.46183872223 
1.95836830139 
2.71111607552 
1.96209132671 
1.47441887856 
1.76512372494 
1.36152994633 
2.46989989281 
1.81911802292 
1.14803481102 
0.958685278893 
1.21128475666 
2.23953461647 
2.28194642067 
2.37963485718 
2.22502326965 
3.02015328407 
3.10556268692 
2.88584280014 
2.76732110977 
3.52229237556 
3.07382702827 
4.1187748909 
3.30820250511 
2.89041256905 
3.81970214844 
4.02061080933 
3.76663374901 
3.82720589638 
3.31955575943 
4.01880168915 
3.49121189117 
4.12294721603 
4.87215042114 
3.48036336899 
4.35515785217 
4.16960859299 
3.30944538116 
3.41969585419 
2.2549200058 
2.8963496685 
3.64975237846 
3.82794690132 
3.34181642532 
2.81602406502 
3.18790602684 
2.3544793129 
2.32453536987 
2.51133823395 
2.41510796547 
1.76559615135 
2.86437416077 
1.88472676277 
2.17599987984 
1.35303175449 
1.42414104939 
1.85697543621 
1.26836848259 
2.20474481583 
1.92739450932 
1.70894277096 
1.41706466675 
1.40497839451 
1.83634531498 
2.56710553169 
1.91942095757 
2.60880064964 
2.67135739326 
2.80843853951 
2.7961139679 
2.4756052494 
3.08245658875 
3.42367911339 
3.82655549049 
3.35599255562 
3.35587787628 
3.20355725288 
3.60779213905 
3.22467517853 
4.38921356201 
3.85168290138 
4.00710058212 
4.10675764084 
4.09855079651 
3.81484532356 
4.51856803894 
3.17474341393 
3.29242396355 
3.04498529434 
2.91548228264 
3.01671552658 
3.06659770012 
3.47369337082 
3.70517015457 
3.01516389847 
3.1138920784 
1.951649189 
2.71032428741 
3.1466383934 
2.91152238846 
2.28623509407 
2.4254565239 
2.44164276123 
1.79441821575 
1.49617111683 
1.68202710152 
1.60143172741 
1.77023458481 
1.5153387785 
1.56712448597 
1.25175476074 
1.18262588978 
1.75540864468 
2.40893554688 
2.58904266357 
2.33077073097 
3.02438592911 
2.31222701073 
2.59503388405 
2.84644389153 
3.09639573097 
2.98115706444 
3.26738643646 
3.57490372658 
3.54942202568 
3.79131388664 
3.49386906624 
3.87056851387 
4.18210744858 
4.21209573746 
4.43921518326 
4.49445438385 
4.27713346481 
4.82887983322 
4.0785574913 
3.77437138557 
3.43374991417 
2.8265414238 
2.54701733589 
3.09546780586 
2.80503821373 
3.20795178413 
3.22884058952 
2.98225903511 
3.35637569427 
2.49389743805 
2.31856250763 
2.06576085091 
2.80370116234 
2.69796204567 
2.54251790047 
1.97180104256 
2.17971491814 
2.59954738617 
1.99862766266 
1.48081290722 
1.41515088081 
1.75762724876 
1.74113535881 
1.64322090149 
1.60914206505 
1.32541918755 
1.78496277332 
2.3884665966 
2.25528502464 
2.91039514542 
2.86420965195 
2.7204823494 
2.78909635544 
2.76043224335 
2.94832491875 
2.80999207497 
3.88111805916 
3.95096588135 
3.71188640594 
4.03029155731 
4.2701086998 
4.39090967178 
4.04365634918 
4.22418260574 
4.60973596573 
4.1124792099 
4.74072742462 
4.08841323853 
4.42476129532 
4.06353282928 
3.42650389671 
2.8759200573 
2.72993779182 
2.71961092949 
2.89961123466 
3.19945836067 
2.43122410774 
2.86118817329 
2.74171257019 
2.49203586578 
2.67647194862 
2.72688317299 
2.77631354332 
3.43520593643 
2.92453289032 
2.24439716339 
2.58457446098 
2.02554106712 
2.00621676445 
1.07045066357 
1.86924231052 
2.22095704079 
1.51515603065 
1.40322041512 
1.2987858057 
1.78205168247 
1.9442602396 
2.32442450523 
1.87485802174 
2.83080363274 
2.25889015198 
2.23095059395 
2.31715893745 
3.00823354721 
2.70375776291 
2.45423841476 
3.17922091484 
3.76659679413 
3.21623301506 
4.26969528198 
3.81814908981 
3.6343319416 
4.41603279114 
4.6348991394 
4.66561412811 
4.42583560944 
4.67472362518 
3.95476865768 
3.93491411209 
3.85849094391 
2.59696388245 
2.59080123901 
3.27101659775 
2.59333181381 
3.26383519173 
3.00418663025 
2.69865250587 
3.32101035118 
2.44456100464 
2.89684462547 
2.60590839386 
2.10013055801 
2.34447598457 
3.12947273254 
2.87205314636 
2.80023694038 
2.26526260376 
1.87790417671 
1.41996777058 
2.3985388279 
1.75328981876 
2.49319005013 
1.88940870762 
1.40586102009 
1.65847194195 
2.06798791885 
1.32647609711 
1.8138692379 
1.79613316059 
2.65788793564 
2.63222360611 
2.49754428864 
3.01235198975 
2.30097913742 
2.82795953751 
2.4008128643 
2.66032505035 
3.79199171066 
3.57679128647 
3.50814199448 
3.43904018402 
4.48081827164 
4.16805362701 
4.08564805984 
3.93467879295 
3.96226024628 
4.49863147736 
3.66297507286 
4.84800958633 
4.11901855469 
2.52429676056 
3.45904278755 
2.98492836952 
3.22770285606 
3.19637322426 
3.02623581886 
3.26942753792 
2.69837141037 
3.25498008728 
2.49621534348 
2.32616257668 
1.88374662399 
3.12353014946 
3.26853752136 
2.29390192032 
1.95311176777 
2.59828996658 
1.9305819273 
2.51348209381 
2.20834040642 
1.73810434341 
2.13708400726 
1.92354178429 
2.1285071373 
1.53552889824 
2.17934966087 
1.65178477764 
1.84803187847 
2.57708287239 
2.71190571785 
2.42280840874 
2.5695939064 
2.75678896904 
2.93549084663 
2.25272274017 
3.23692107201 
2.36657762527 
3.05746626854 
3.35991573334 
3.05072283745 
2.30683159828 
3.4622657299 
4.09369134903 
4.2070851326 
4.12033033371 
3.90254878998 
4.54308462143 
4.93117904663 
4.14843797684 
3.53637194633 
1.57901906967 
2.76644921303 
3.06135392189 
3.2334792614 
3.40197658539 
3.09328889847 
2.94070124626 
2.59863948822 
2.39741301537 
2.7063062191 
2.41599917412 
1.97384500504 
2.43845534325 
2.6647977829 
1.8868342638 
1.92070937157 
1.94514894485 
1.70351779461 
1.7493827343 
2.15300536156 
2.45621299744 
2.74285697937 
2.27492022514 
2.33159923553 
2.58596110344 
1.62149488926 
2.93226265907 
1.81544983387 
2.44445014 
3.37928438187 
2.15556073189 
2.72341704369 
2.56494045258 
2.53722023964 
3.05199837685 
3.22190475464 
2.4568104744 
3.36065530777 
3.35783004761 
3.2598631382 
3.04218816757 
3.64585089684 
3.24135327339 
3.45170783997 
3.93669557571 
4.1572508812 
4.48863124847 
4.45879650116 
4.97823429108 
3.37678050995 
2.8784134388 
2.11419677734 
2.35982108116 
3.00617408752 
3.13025975227 
2.65875768661 
2.97709107399 
3.30189824104 
3.0155313015 
2.6296980381 
2.8802189827 
2.64545297623 
1.81149876118 
1.89595794678 
2.73163795471 
3.04062151909 
2.54244542122 
2.49342489243 
1.73753070831 
2.29367113113 
1.78015327454 
2.3118929863 
2.35198783875 
2.1368393898 
2.37545990944 
2.59040927887 
2.40374350548 
2.80397987366 
2.28592252731 
2.36318087578 
3.23528409004 
2.74538612366 
3.5012280941 
2.78587436676 
3.42308211327 
3.36516404152 
2.66958165169 
2.72246098518 
3.08581447601 
3.06071925163 
3.92343330383 
3.70157766342 
3.74486875534 
3.39660215378 
3.575091362 
4.14921617508 
4.25120449066 
4.34271860123 
5.23184537888 
3.64917421341 
1.86160004139 
2.77595043182 
2.85840034485 
2.17202544212 
2.8579659462 
3.06728053093 
2.60035419464 
2.37667894363 
3.01865506172 
2.10554146767 
3.04014396667 
2.48856115341 
2.36041355133 
2.15168976784 
2.79927134514 
2.76085543633 
2.12045931816 
2.15305233002 
2.20364665985 
2.23092699051 
2.39658236504 
2.50773000717 
2.36984658241 
2.2881295681 
2.2473154068 
2.56034040451 
2.30408120155 
2.93980956078 
2.57051086426 
2.35165143013 
2.4898276329 
2.30667734146 
2.72287249565 
2.80273127556 
3.09644341469 
3.51305365562 
3.20678329468 
3.33092308044 
3.52644062042 
3.54746818542 
3.67895436287 
3.21311283112 
3.15490889549 
3.59955310822 
4.01739025116 
4.31069612503 
5.24339866638 
4.97679615021 
4.8020939827 
3.72655105591 
1.36623966694 
2.57431650162 
2.96470952034 
3.12867832184 
2.53080677986 
2.60059905052 
1.78674662113 
2.85768270493 
2.47607493401 
2.63475084305 
2.42324280739 
2.79438233376 
1.89713943005 
1.72073709965 
2.58154034615 
3.08644723892 
1.24180448055 
2.64139890671 
2.27711033821 
2.12053608894 
2.48939728737 
1.41547358036 
1.739128232 
1.55303275585 
2.47561454773 
2.85620641708 
2.29550528526 
2.0589466095 
2.56184077263 
2.31754660606 
2.92612910271 
3.47893095016 
3.1080930233 
3.13783550262 
2.74290037155 
2.36394309998 
3.31008791924 
3.42072796822 
2.52929210663 
3.08334779739 
2.99188756943 
3.87174081802 
3.28336405754 
3.58623838425 
4.3782582283 
4.24010181427 
4.30806732178 
4.89841270447 
4.41917324066 
4.40966892242 
2.37335753441 
2.01670265198 
2.63327312469 
3.19074034691 
2.3403866291 
2.80584645271 
1.84339642525 
1.86621809006 
2.97317695618 
2.80614304543 
2.22008275986 
2.06123113632 
1.82011258602 
2.28831863403 
2.54699897766 
2.73679184914 
2.36105895042 
1.82236492634 
2.58592557907 
2.23992538452 
1.75131368637 
1.51708126068 
1.1899985075 
2.11173415184 
2.28494620323 
1.75200152397 
3.21836614609 
2.40831637383 
1.90851438046 
2.73457694054 
3.24164199829 
2.89922428131 
3.16796922684 
3.25208258629 
3.20922160149 
3.14095759392 
2.7167198658 
2.51613712311 
2.8364200592 
2.7238509655 
3.26887059212 
3.80686855316 
4.17959260941 
4.85442972183 
3.8460624218 
4.34900569916 
4.43043422699 
4.2333073616 
3.8359413147 
4.56889009476 
2.39487051964 
2.42809963226 
2.31810331345 
2.62625670433 
2.7464184761 
2.12821269035 
2.19699883461 
2.05588459969 
2.65080738068 
2.408005476 
2.79846644402 
2.4884185791 
1.66274678707 
1.79648923874 
2.98785996437 
1.7669352293 
1.82053828239 
2.07927370071 
2.50468635559 
2.12048339844 
1.96245908737 
2.37147712708 
1.97402536869 
2.02474856377 
2.2171561718 
2.71369361877 
2.46009659767 
2.5961227417 
2.03023219109 
2.45953440666 
2.87417149544 
2.81045293808 
3.27799010277 
3.26207470894 
3.44010090828 
3.16748070717 
2.72713303566 
3.1557123661 
3.54139757156 
3.10912752151 
3.0818901062 
3.23508310318 
3.73610115051 
4.10116624832 
3.93076252937 
4.19777584076 
5.03082847595 
4.32017755508 
4.36448478699 
4.97846269608 
2.37690854073 
2.81773352623 
1.94156491756 
2.70136857033 
2.4611389637 
2.52895140648 
1.96509456635 
1.18166613579 
2.99822235107 
2.43896436691 
2.712911129 
2.0886027813 
1.68229949474 
1.64411330223 
1.83477425575 
1.87734818459 
1.49811732769 
2.63739013672 
2.62758755684 
2.11097621918 
2.44430065155 
2.32961940765 
2.3294711113 
2.46312785149 
2.45698213577 
2.38685059547 
2.96739244461 
2.32629990578 
2.5937743187 
3.04100179672 
3.63379836082 
3.46959972382 
3.21771907806 
3.49191713333 
2.99979233742 
3.17276215553 
3.20555973053 
3.06060743332 
2.66077399254 
2.63949918747 
2.80963110924 
3.2824485302 
3.12602043152 
3.88906240463 
3.67955541611 
4.37474489212 
4.28352880478 
4.52390909195 
4.58332061768 
4.4011631012 
2.14171481133 
2.67930269241 
2.03397965431 
1.87134945393 
2.06801819801 
1.70303606987 
1.94952559471 
2.36630272865 
1.74171555042 
2.51541471481 
2.00595998764 
2.25878167152 
1.80529689789 
2.32624769211 
1.44250428677 
1.60630452633 
1.99996685982 
1.89088773727 
2.09599089622 
1.82866847515 
2.21968221664 
1.94267952442 
1.72780334949 
2.37626934052 
2.0131881237 
2.80151510239 
2.05722403526 
2.24355268478 
2.22159028053 
3.29607248306 
3.5673520565 
3.72466301918 
3.61426305771 
3.29077720642 
3.31546902657 
3.28629636765 
3.07487559319 
3.61119031906 
3.35699629784 
3.05801153183 
3.20884776115 
3.59047985077 
3.93524622917 
3.97195458412 
3.86513590813 
4.36044502258 
4.71841812134 
4.53049087524 
4.00534391403 
4.12884616852 
2.67459964752 
2.31072402 
2.77847123146 
2.16925048828 
2.11760020256 
1.65400028229 
2.36055493355 
1.93050229549 
2.82684707642 
2.41790604591 
2.94450473785 
1.74847757816 
1.37818777561 
1.42947256565 
2.46059298515 
2.10469126701 
2.24905920029 
2.23383688927 
2.25531339645 
1.8161085844 
1.87762069702 
1.18148767948 
1.7351231575 
2.27807569504 
2.58057188988 
2.23711538315 
2.62179112434 
2.7132627964 
1.95477724075 
2.64444875717 
3.16788721085 
2.85677814484 
3.27180933952 
3.2469534874 
2.57521080971 
2.20141434669 
3.37002420425 
2.61008572578 
2.91749310493 
3.09082627296 
3.21977877617 
3.20185661316 
2.89027929306 
3.99295496941 
4.0139169693 
4.05130720139 
3.78088092804 
4.08083105087 
3.81892228127 
4.71090221405 
1.89018380642 
2.93070530891 
2.84764266014 
2.38337492943 
3.17397546768 
2.43552446365 
2.09596037865 
1.44574308395 
2.32016205788 
2.88340330124 
2.56519985199 
2.03216671944 
1.79370331764 
2.55365300179 
1.4570838213 
2.24699234962 
1.61666345596 
2.45944356918 
1.88712716103 
2.3716878891 
1.75439715385 
1.69316053391 
1.91702032089 
1.98883736134 
2.15495467186 
2.46831917763 
2.2894256115 
1.93287944794 
2.64446926117 
3.27510118484 
3.42331933975 
3.6099691391 
3.56018447876 
3.77407884598 
3.54811215401 
3.31927347183 
3.68025159836 
3.15664386749 
3.80948495865 
3.59646773338 
3.51462745667 
4.14263677597 
3.35166454315 
4.17921304703 
4.58157682419 
3.88813185692 
3.95585155487 
3.63805031776 
4.61355495453 
4.22953462601 
2.48763775826 
2.54375362396 
2.51767659187 
2.51262903214 
2.42072677612 
2.11118912697 
2.46789979935 
2.54142475128 
2.65999054909 
3.10694098473 
2.42902970314 
2.74037647247 
2.56625175476 
2.0329208374 
2.40924739838 
2.39344501495 
1.95712471008 
1.73701393604 
2.24198174477 
1.58416938782 
2.04953455925 
2.08847975731 
1.40774512291 
1.77166175842 
1.76822793484 
2.17316913605 
2.14404654503 
2.37113571167 
2.92304348946 
2.65526819229 
3.78669834137 
2.80310893059 
3.6042842865 
3.36104345322 
2.86695957184 
2.74741435051 
3.44066047668 
3.34251022339 
3.19208216667 
3.64918971062 
3.53653621674 
3.76846790314 
4.26901197433 
4.01199674606 
4.51507329941 
4.37782478333 
3.53618121147 
3.90462422371 
4.06058311462 
3.63927507401 
2.48371100426 
3.25526452065 
1.70642983913 
2.7912671566 
2.1862988472 
2.9755358696 
2.24331927299 
2.04594659805 
2.60904359818 
2.35858011246 
1.92402672768 
2.05948448181 
2.13227987289 
2.37538099289 
2.46320772171 
2.13253211975 
2.3792052269 
1.68904626369 
1.56694591045 
1.99483692646 
2.28404974937 
1.8393497467 
1.80036115646 
1.99003136158 
1.72863650322 
2.00644040108 
2.15279746056 
2.02884793282 
2.48299622536 
3.01447272301 
3.14280557632 
3.1316485405 
3.33360028267 
2.80011415482 
2.9376745224 
3.07933712006 
3.19773936272 
2.58786034584 
3.3695192337 
3.47736048698 
3.66438913345 
3.74994444847 
3.27332997322 
3.73696517944 
3.42459797859 
4.41883277893 
4.19456291199 
3.4272081852 
4.1333937645 
3.92879462242 
2.31596183777 
3.03216266632 
1.91058528423 
2.97332239151 
2.91374874115 
2.82440686226 
2.55585026741 
2.11962914467 
2.94909524918 
2.46396160126 
2.36994481087 
2.03011226654 
2.27292728424 
2.53197789192 
2.94276952744 
2.26205849648 
2.13806915283 
2.05412197113 
2.28465723991 
2.01577281952 
1.219378829 
2.00435113907 
2.16389989853 
2.19683885574 
2.0910782814 
2.52859950066 
2.58784818649 
2.86269569397 
2.2043390274 
2.51436901093 
2.52495598793 
3.20015573502 
3.11870098114 
3.56804895401 
3.03393030167 
3.75690698624 
3.6962351799 
4.43174791336 
3.72034311295 
3.5660533905 
3.7324898243 
3.87767314911 
4.20883893967 
3.9643201828 
3.81995010376 
3.94221973419 
3.51436901093 
4.183177948 
3.67465019226 
3.38079190254 
2.87942647934 
2.92368078232 
2.78535962105 
1.9976695776 
2.40752410889 
2.5537750721 
2.95122671127 
2.93102240562 
2.51671886444 
2.36510634422 
2.00308680534 
2.06134724617 
2.31877923012 
2.67073631287 
2.56950116158 
1.93608248234 
2.65583300591 
2.73866677284 
2.72590041161 
2.14251494408 
2.17664146423 
1.55054557323 
1.88555824757 
1.49358463287 
1.70992362499 
1.75936460495 
2.13163924217 
2.92789673805 
2.40095114708 
2.33034777641 
2.0776052475 
2.51713252068 
2.70181369781 
3.78281331062 
3.35872864723 
3.39865875244 
3.94061088562 
3.41332578659 
3.72514939308 
3.72127437592 
3.47081828117 
3.6508603096 
3.67162585258 
3.91715288162 
4.89531373978 
4.33732938766 
3.76672720909 
4.1944565773 
4.0396156311 
3.80811977386 
2.44314289093 
2.96080040932 
2.75012683868 
2.77623486519 
2.71935176849 
2.31452775002 
2.45984315872 
2.34045886993 
2.80358910561 
3.00479125977 
2.59247970581 
2.41258406639 
2.49463701248 
1.92831170559 
3.09364461899 
2.29163384438 
2.65687966347 
1.85358607769 
2.0319852829 
1.44057881832 
1.46211409569 
1.50429368019 
2.15513586998 
1.9948362112 
2.13533091545 
1.94107973576 
2.06623125076 
2.4806637764 
2.49722957611 
2.92532205582 
2.75177288055 
3.0743560791 
3.03331589699 
2.99447011948 
3.06994366646 
3.17679548264 
3.65700531006 
3.2923283577 
3.38562011719 
4.30602788925 
3.72498011589 
3.63404798508 
3.89990854263 
3.84444069862 
4.77964162827 
3.55492472649 
4.06979036331 
3.5682284832 
3.30167198181 
3.74231672287 
2.37329530716 
2.11869835854 
2.45534563065 
2.75008916855 
2.07567119598 
2.30352902412 
2.43113470078 
2.10895347595 
1.91020286083 
2.70215678215 
1.91413271427 
2.57172036171 
3.16476416588 
2.75723147392 
2.69906878471 
2.40475177765 
1.92737102509 
1.77795934677 
2.38297224045 
2.23872590065 
2.05488491058 
2.22881960869 
2.1022875309 
2.46312332153 
1.89814400673 
2.3782556057 
1.83235049248 
2.3288834095 
2.63563632965 
2.36961698532 
2.49008703232 
2.80622601509 
2.82553648949 
3.7585299015 
2.74034643173 
3.71864581108 
4.43256902695 
3.50339221954 
3.92231488228 
4.26161146164 
4.25689506531 
3.82213401794 
3.58004689217 
4.1492228508 
4.30058193207 
3.62759685516 
4.22921228409 
3.72523498535 
3.36249709129 
3.41490626335 
1.86336374283 
1.47905361652 
2.77695941925 
2.7776632309 
2.18545937538 
2.24244141579 
2.55633568764 
2.73306536674 
2.24635267258 
2.50852370262 
2.75213909149 
2.57940077782 
2.51828765869 
2.33324408531 
2.92712497711 
2.31658053398 
2.12196302414 
2.67487072945 
2.39478325844 
2.77849674225 
1.96168160439 
2.72583055496 
2.73473834991 
2.39692974091 
1.45738768578 
2.36770391464 
3.03505706787 
2.58353257179 
2.72149133682 
2.65106034279 
2.40000486374 
3.15211224556 
2.88643026352 
3.26525568962 
3.04595041275 
3.58783054352 
4.14220285416 
3.80296278 
3.87097811699 
4.4519572258 
4.29673862457 
3.9962310791 
3.78606057167 
3.25046873093 
3.08966612816 
4.01714229584 
4.30214643478 
3.77497386932 
3.74830508232 
2.66789698601 
2.78715181351 
3.05672812462 
2.57085728645 
2.58542513847 
2.19792294502 
2.66125941277 
2.12437057495 
3.00158524513 
2.89616942406 
1.96857130527 
2.49300861359 
2.69825100899 
2.05523061752 
2.53948426247 
2.27200055122 
1.93844175339 
1.59971427917 
2.05308938026 
2.89372038841 
1.92278432846 
2.13269615173 
2.26938009262 
3.23433566093 
2.56969928741 
1.89144909382 
2.40547585487 
1.78707182407 
2.57810497284 
3.17307591438 
2.36070537567 
2.93376755714 
2.63877487183 
3.41848111153 
3.42157483101 
2.88222384453 
3.26316261292 
4.09060192108 
4.19620943069 
4.31059789658 
4.35594701767 
4.30468320847 
3.58382844925 
3.78962349892 
3.83048558235 
4.25283193588 
4.3834605217 
4.16009473801 
4.12207889557 
3.26065158844 
2.91893362999 
2.19368433952 
3.08289146423 
2.74920630455 
1.57868528366 
2.64505505562 
3.08202958107 
2.31756615639 
2.39094781876 
2.20149636269 
2.59239673615 
2.6874063015 
2.18678498268 
2.69003105164 
1.65785002708 
2.13115596771 
1.83559262753 
2.71722841263 
2.32762956619 
2.16045188904 
2.64805269241 
1.63277626038 
2.14568161964 
2.25353145599 
2.58559155464 
2.7433552742 
1.6111266613 
2.51711893082 
2.24779868126 
2.86610579491 
2.2728228569 
2.02580428123 
2.71422219276 
3.18419218063 
2.92619538307 
3.35431432724 
3.45437002182 
4.51656961441 
4.00930452347 
4.30909395218 
4.20872068405 
3.90260696411 
3.65735220909 
3.8929913044 
4.27092504501 
3.82806491852 
3.88152480125 
3.73540258408 
4.35925340652 
3.53387880325 
3.98755526543 
2.57789373398 
2.41280293465 
2.37961435318 
3.10454726219 
2.53990674019 
2.51795959473 
3.09529137611 
2.73015475273 
2.12976694107 
2.33460760117 
1.94861698151 
2.31380438805 
2.26701712608 
2.72731566429 
2.57180333138 
3.11779022217 
2.63318157196 
2.95961046219 
2.69957637787 
1.92676138878 
2.20393276215 
2.42886376381 
2.52934527397 
2.30597424507 
2.25245833397 
2.38322472572 
2.37481665611 
2.27113127708 
3.13507819176 
2.68892860413 
2.45726799965 
3.14931702614 
3.06740951538 
4.13500881195 
2.96129345894 
3.68363547325 
4.1515083313 
3.81945562363 
4.01694440842 
4.21089076996 
3.17376065254 
3.87146115303 
4.32834625244 
3.8486123085 
4.10351753235 
4.35888814926 
4.22876930237 
3.46240210533 
3.41156864166 
3.65294241905 
2.25484466553 
2.24330496788 
2.26866579056 
2.29376554489 
2.74130105972 
2.79580450058 
2.40095853806 
2.6411345005 
2.30759215355 
2.02039289474 
1.88645708561 
1.95482206345 
1.65209293365 
2.0000770092 
2.37540268898 
2.96825003624 
2.38864731789 
2.38185834885 
1.9056854248 
2.76894760132 
1.62681233883 
2.05941367149 
1.7224817276 
2.16557717323 
1.85676491261 
2.18945193291 
1.87887871265 
2.68570256233 
2.2528321743 
2.67518424988 
3.09244227409 
3.33687996864 
2.79619073868 
3.12396907806 
3.16081309319 
3.60322356224 
3.87985658646 
4.65965461731 
3.83293437958 
4.03615617752 
3.85996985435 
4.04553556442 
4.08782243729 
4.36204338074 
4.00791311264 
4.06991386414 
3.96068763733 
3.79133057594 
3.65515041351 
4.18619155884 
2.33095693588 
2.72107386589 
2.14198541641 
2.11384010315 
2.55412530899 
2.14941716194 
2.60899782181 
3.019115448 
1.93472290039 
1.57848930359 
2.27915477753 
1.88622450829 
1.62047374249 
2.10575056076 
1.99140202999 
2.7269525528 
2.01865696907 
2.25325918198 
2.39392828941 
1.95536804199 
2.38162565231 
2.62444019318 
2.80620336533 
2.33039021492 
2.14895749092 
2.12289524078 
1.87471234798 
2.08186483383 
2.73855304718 
3.24530482292 
2.2995262146 
3.10584187508 
2.64500331879 
3.57740879059 
3.00606679916 
3.66448354721 
4.29751729965 
4.54347705841 
4.06159973145 
3.81065893173 
4.45735025406 
4.06947422028 
4.33096885681 
4.42570400238 
5.16178894043 
4.27280664444 
4.13104820251 
4.4214720726 
3.85044646263 
3.34522151947 
2.35848903656 
2.51614117622 
2.44954895973 
1.75276112556 
3.16476202011 
2.84158778191 
3.16632628441 
2.76591825485 
1.98729538918 
2.38506650925 
1.86410701275 
2.55892539024 
2.02511644363 
2.34512639046 
2.03242301941 
1.49070286751 
1.7849560976 
2.34236240387 
2.8417737484 
2.34263944626 
1.9424726963 
2.17610216141 
1.98264205456 
2.1126973629 
2.18245983124 
1.89858734608 
2.46436262131 
1.7982571125 
3.04649734497 
2.79039311409 
3.4123852253 
3.21527838707 
2.91965675354 
3.1758351326 
3.96624231339 
3.85682272911 
4.2445230484 
4.27418708801 
4.78296613693 
4.14234972 
4.06404447556 
4.19222688675 
4.2996840477 
4.95199775696 
4.35142803192 
4.76948881149 
4.03266525269 
3.78576278687 
3.44912195206 
3.00517559052 
2.27929520607 
2.07932806015 
1.73849308491 
2.51744365692 
2.61796021461 
2.85769724846 
3.02605056763 
2.28032875061 
1.8769569397 
1.96942663193 
2.07924485207 
2.69678258896 
2.35934281349 
2.1278321743 
2.49305868149 
2.68098139763 
1.6097728014 
1.73386180401 
2.55758690834 
2.0590877533 
2.75060987473 
2.2702562809 
1.41684937477 
2.22906780243 
1.54445397854 
1.57794415951 
1.96102321148 
2.38113951683 
2.11854338646 
3.12392616272 
2.81772732735 
3.51469993591 
2.24497771263 
3.92424488068 
3.21282696724 
3.85448479652 
3.63228273392 
4.45778083801 
4.43676376343 
4.77126502991 
4.19097471237 
4.43656730652 
4.02429533005 
4.65343666077 
5.31006765366 
4.97756719589 
4.25604391098 
4.41994905472 
3.9140048027 
3.81795144081 
1.78327691555 
2.44145059586 
2.87459659576 
1.55157995224 
3.00635266304 
2.63031172752 
2.52980422974 
2.29768323898 
2.44819116592 
2.12578225136 
2.01429605484 
2.08792233467 
2.35633802414 
1.62257897854 
2.30881428719 
2.0823161602 
2.36012935638 
1.91715824604 
1.46640455723 
1.93352627754 
1.97497749329 
2.08210682869 
1.679910779 
1.75027322769 
1.8892929554 
1.70749783516 
1.8974635601 
2.54796981812 
2.74669551849 
2.94995999336 
3.01565337181 
3.28926134109 
2.94823479652 
2.73149991035 
3.75529789925 
3.4317715168 
3.61503958702 
4.53753089905 
4.62086677551 
4.32693433762 
4.4835062027 
4.26296043396 
4.64526367188 
5.10305976868 
5.15902376175 
4.57602119446 
4.83174657822 
4.19364929199 
3.27582335472 
3.8428709507 
2.57212424278 
2.46794891357 
2.5143404007 
2.56181836128 
2.0694527626 
2.98980164528 
1.9742538929 
2.46728372574 
2.52587294579 
2.29008436203 
2.26676535606 
2.0250120163 
2.35756540298 
1.56900310516 
1.7464402914 
2.32519888878 
2.37663841248 
1.79443192482 
1.83365643024 
1.59304845333 
2.1560652256 
2.12946677208 
1.96233546734 
1.98997354507 
1.53164482117 
1.49672555923 
2.03431105614 
2.4290933609 
3.43850159645 
2.99603557587 
3.31834769249 
3.22542142868 
2.74836802483 
2.53303408623 
2.70601892471 
3.30223441124 
4.27902650833 
5.04084920883 
4.30809640884 
4.5737490654 
3.86923527718 
4.49470376968 
4.42975234985 
4.92640733719 
4.98794794083 
4.41275453568 
4.49970197678 
4.31364345551 
4.53806495667 
4.18820810318 
