random samples
4
X
Y
Z
U-random-sampling
169 227 0 0.402405
131 252 0 0.242882
228 180 0 0.22592
47 61 0 0.832784
221 68 0 0.444738
195 18 0 0.525327
173 18 0 0.641325
256 139 0 0.61221
66 178 0 0.98868
7 11 0 0.108652
165 70 0 0.673504
220 45 0 0.810669
191 239 0 0.418943
5 26 0 0.0770759
29 19 0 0.105511
77 30 0 0.668594
178 154 0 0.11055
224 11 0 0.967141
51 283 0 0.800797
170 297 0 0.194574
181 46 0 0.323816
91 17 0 0.392264
205 148 0 0.919706
211 252 0 0.485327
51 64 0 0.0583454
246 28 0 0.361752
123 96 0 0.370764
173 244 0 0.943283
54 107 0 0.733773
209 103 0 0.683542
83 237 0 0.0583454
76 188 0 0.858912
78 136 0 0.632235
215 81 0 0.771734
143 228 0 0.606492
49 201 0 0.864566
185 148 0 0.769721
166 137 0 0.678543
138 97 0 0.790221
148 168 0 0.474571
3 149 0 0.735285
180 152 0 0.492096
139 173 0 0.641646
20 249 0 0.351778
3 179 0 0.490558
72 158 0 0.797233
259 252 0 0.0583454
58 46 0 0.121498
27 238 0 0.395354
4 240 0 0.0583454
88 234 0 0.0583454
210 198 0 0.476109
56 9 0 0.510865
242 111 0 0.252625
257 171 0 0.756785
2 125 0 0.407456
204 261 0 0.838605
178 273 0 0.293035
134 68 0 0.581416
69 187 0 0.981577
172 172 0 0.446264
202 176 0 0.401482
123 294 0 0.63003
256 29 0 0.220574
129 281 0 0.829361
174 62 0 0.0583454
111 176 0 0.137255
67 99 0 0.68935
245 56 0 0.822977
178 94 0 0.744901
171 173 0 0.80749
9 98 0 0.992231
235 182 0 0.606697
108 102 0 0.340239
123 257 0 0.1991
35 10 0 0.0785887
94 250 0 0.351662
84 5 0 0.485507
38 92 0 0.81899
206 1 0 0.157613
136 222 0 0.498045
232 145 0 0.598851
206 155 0 0.872925
163 37 0 0.480596
17 230 0 0.439405
204 178 0 0.334393
98 153 0 0.358047
122 285 0 0.0879476
20 71 0 0.815246
39 89 0 0.148344
98 285 0 0.699837
91 252 0 0.0583454
12 233 0 0.125947
61 19 0 0.0583454
51 164 0 0.802246
100 22 0 0.525916
216 235 0 0.551813
201 187 0 0.1741
208 76 0 0.443187
49 281 0 0.979795
171 109 0 0.705235
139 89 0 0.835194
123 4 0 0.589569
168 177 0 0.487314
126 205 0 0.423187
140 120 0 0.727491
238 6 0 0.928437
118 130 0 0.496122
165 204 0 0.9635
156 150 0 0.585877
66 125 0 0.214805
197 258 0 0.821464
140 242 0 0.357765
75 129 0 0.754567
225 290 0 0.113845
3 10 0 0.0583454
76 286 0 0.181818
257 19 0 0.416418
126 92 0 0.425289
151 127 0 0.779259
4 223 0 0.591992
231 36 0 0.750824
31 95 0 0.430033
165 254 0 0.231189
230 4 0 0.894899
39 277 0 0.978834
102 117 0 0.94186
142 201 0 0.318957
122 201 0 0.321637
194 32 0 0.326624
150 84 0 0.937809
140 99 0 0.400264
107 254 0 0.776246
68 272 0 0.459186
10 63 0 0.411456
212 128 0 0.697978
171 161 0 0.787323
63 9 0 0.0583454
172 93 0 0.733324
199 46 0 0.188933
137 143 0 0.128357
219 274 0 0.128575
84 21 0 0.606864
38 284 0 0.944488
203 242 0 0.854797
229 107 0 0.902283
213 250 0 0.827707
129 72 0 0.50225
112 43 0 0.595274
85 156 0 0.995218
137 22 0 0.463789
251 275 0 0.348957
241 281 0 0.11655
227 55 0 0.232997
88 67 0 0.823964
211 224 0 0.799156
98 206 0 0.329073
2 144 0 0.5668
29 293 0 0.716593
179 199 0 0.496545
192 171 0 0.300406
102 178 0 0.193472
76 70 0 0.145447
167 69 0 0.717965
234 97 0 0.442276
199 29 0 0.368072
258 269 0 0.221779
255 86 0 0.1981
227 206 0 0.895912
245 274 0 0.13737
183 14 0 0.637517
221 32 0 0.901911
86 239 0 0.0583454
134 210 0 0.735029
99 80 0 0.830797
226 259 0 0.386867
73 166 0 0.830233
259 227 0 0.339547
175 4 0 0.542775
243 23 0 0.892296
182 204 0 0.866348
146 24 0 0.102127
160 240 0 0.271061
10 18 0 0.125537
207 134 0 0.391636
139 54 0 0.257612
82 4 0 0.52066
160 112 0 0.598672
259 237 0 0.230702
100 122 0 0.730478
116 187 0 0.117114
32 45 0 0.848053
99 229 0 0.575762
237 22 0 0.71485
83 223 0 0.0583454
126 213 0 0.553493
49 186 0 0.769041
74 244 0 0.0583454
114 50 0 0.843784
246 261 0 0.327906
24 101 0 0.747619
57 131 0 0.36247
148 67 0 0.445969
252 282 0 0.220638
30 39 0 0.156331
183 38 0 0.388098
197 202 0 0.418969
132 205 0 0.453097
192 217 0 0.176703
241 111 0 0.425956
57 142 0 0.634018
163 7 0 0.572236
182 281 0 0.218433
107 185 0 0.162113
250 161 0 0.60671
31 25 0 0.151665
12 34 0 0.166357
125 219 0 0.752067
59 65 0 0.481263
251 126 0 0.0583454
242 83 0 0.237202
5 291 0 0.351047
8 250 0 0.317022
86 277 0 0.338624
190 77 0 0.409995
17 268 0 0.287868
82 22 0 0.570967
50 252 0 0.996333
76 30 0 0.693683
135 75 0 0.878694
115 4 0 0.631082
3 245 0 0.0583454
156 77 0 0.652966
94 199 0 0.145755
4 131 0 0.523442
2 152 0 0.770362
36 245 0 0.72308
228 183 0 0.281971
188 200 0 0.923616
134 281 0 0.679786
246 127 0 0.0583454
58 292 0 0.315701
150 76 0 0.785657
19 134 0 0.25192
204 115 0 0.661799
128 25 0 0.755952
140 157 0 0.682209
189 280 0 0.245753
5 116 0 0.504993
248 166 0 0.839874
173 119 0 0.401546
23 86 0 0.938193
175 140 0 0.143575
198 66 0 0.905629
188 159 0 0.785503
51 220 0 0.887168
176 294 0 0.129921
238 172 0 0.50575
217 280 0 0.12455
146 128 0 0.884412
82 221 0 0.0583454
84 248 0 0.0583454
184 209 0 0.710593
214 174 0 0.48625
39 38 0 0.156139
73 31 0 0.728145
173 241 0 0.78699
93 45 0 0.510327
75 241 0 0.0583454
227 129 0 0.586185
136 117 0 0.591031
179 81 0 0.546134
219 174 0 0.23401
64 78 0 0.391521
46 113 0 0.565672
64 250 0 0.0583454
95 58 0 0.972975
233 48 0 0.257997
130 39 0 0.392533
245 70 0 0.413238
154 233 0 0.435559
56 287 0 0.908334
96 225 0 0.41411
183 291 0 0.122896
27 184 0 0.404764
140 180 0 0.161011
167 137 0 0.587492
238 260 0 0.309317
50 272 0 0.877271
173 87 0 0.984039
187 38 0 0.479237
76 242 0 0.0583454
50 93 0 0.931988
133 178 0 0.24474
150 288 0 0.546108
157 80 0 0.754965
164 103 0 0.76017
219 255 0 0.869297
48 58 0 0.574595
145 126 0 0.733709
10 102 0 0.811592
116 53 0 0.92186
96 117 0 0.867668
184 140 0 0.453853
140 158 0 0.930091
213 242 0 0.687619
228 255 0 0.24633
32 229 0 0.573185
85 80 0 0.659774
181 293 0 0.128178
118 13 0 0.178075
79 276 0 0.185664
201 209 0 0.702465
258 232 0 0.270907
22 105 0 0.681927
206 181 0 0.0583454
192 273 0 0.360457
29 206 0 0.112114
52 28 0 0.111075
147 213 0 0.12455
168 130 0 0.810528
222 65 0 0.0621146
139 294 0 0.354521
6 32 0 0.0924475
195 208 0 0.152511
79 291 0 0.247497
132 155 0 0.104011
209 270 0 0.8329
121 155 0 0.243074
240 111 0 0.64062
45 51 0 0.23092
52 291 0 0.71885
46 142 0 0.735529
8 34 0 0.223177
92 122 0 0.416251
67 247 0 0.0583454
198 134 0 0.329252
2 266 0 0.493006
153 61 0 0.982051
156 223 0 0.721491
16 239 0 0.0814477
183 11 0 0.703581
147 130 0 0.377111
256 133 0 0.798515
117 176 0 0.0583454
117 112 0 0.270932
9 105 0 0.392944
8 247 0 0.31856
120 25 0 0.525455
220 13 0 0.749875
152 74 0 0.457533
64 39 0 0.40461
249 299 0 0.146601
242 133 0 0.163318
116 111 0 0.316034
116 94 0 0.23651
76 100 0 0.186369
2 167 0 0.738824
10 23 0 0.16137
221 62 0 0.423366
259 186 0 0.918745
154 263 0 0.561108
122 103 0 0.195818
205 105 0 0.909873
126 124 0 0.0756144
92 173 0 0.345214
12 112 0 0.0651146
257 264 0 0.111447
249 255 0 0.377367
40 166 0 0.91854
69 266 0 0.0795759
90 128 0 0.855925
145 68 0 0.699606
23 70 0 0.814874
189 112 0 0.422854
3 118 0 0.483135
120 200 0 0.0583454
79 115 0 0.742683
167 59 0 0.0583454
257 10 0 0.0844348
37 108 0 0.324009
162 105 0 0.594121
112 204 0 0.326945
257 142 0 0.183408
225 272 0 0.102717
184 132 0 0.0891271
171 49 0 0.395097
67 0 0 0.27315
53 257 0 0.839605
116 58 0 0.717209
98 65 0 0.0814477
77 260 0 0.0583454
43 153 0 0.593941
164 149 0 0.375623
76 183 0 0.974205
126 16 0 0.24174
55 146 0 0.971244
183 30 0 0.859668
78 95 0 0.837887
68 209 0 0.661068
