random samples
4
X
Y
Z
U-random-sampling
65 131 0 0.851763
50 107 0 0.258926
87 95 0 0.708979
18 129 0 0.524607
85 97 0 0.497136
75 107 0 0.460413
66 183 0 0.553117
98 91 0 0.591033
25 127 0 0.246074
2 120 0 0.408227
63 51 0 0.369659
84 151 0 0.701628
73 108 0 0.386784
2 58 0 -0.0359046
11 173 0 0.323199
29 2 0 -0.113383
68 58 0 0.62583
86 197 0 1.09989
19 97 0 0.0161152
65 116 0 0.560497
69 3 0 0.116786
35 178 0 0.493095
78 24 0 0.261642
81 127 0 0.203222
19 177 0 0.646684
94 30 0 0.191058
47 78 0 0.128425
66 109 0 0.603321
21 94 0 0.0102375
80 149 0 0.305369
31 115 0 0.554227
29 107 0 0.312675
30 83 0 0.357621
82 52 0 0.620611
55 8 0 0.286964
19 163 0 0.721501
71 131 0 0.830234
63 48 0 0.141659
53 132 0 0.450075
57 153 0 1.04557
1 105 0 0.122951
69 169 0 0.864481
53 65 0 0.205399
7 29 0 0.216395
1 156 0 0.931983
27 176 0 0.25112
99 163 0 0.846684
22 99 0 0.273995
10 86 0 0.507111
1 65 0 -0.0527985
34 106 0 0.359128
80 193 0 0.819753
21 186 0 0.75544
93 174 0 0.960433
98 67 0 0.304091
1 162 0 0.851343
78 75 0 0.37475
68 1 0 0.0468092
51 22 0 0.33106
26 138 0 0.59635
66 148 0 1.03935
77 78 0 0.360126
47 58 0 -0.0344033
98 128 0 0.57481
49 180 0 0.354627
67 153 0 1.07318
43 199 0 1.08369
26 196 0 1.04958
94 175 0 0.966038
68 189 0 0.781491
65 141 0 0.959308
3 170 0 0.6806
90 66 0 0.794663
41 103 0 0.54397
47 76 0 0.285507
13 174 0 0.278385
36 56 0 0.273055
32 199 0 0.770344
14 135 0 0.561376
79 187 0 0.915551
52 140 0 0.887084
89 112 0 0.681609
79 123 0 0.655561
62 8 0 0.523784
6 159 0 0.73002
78 107 0 0.483286
37 63 0 0.288525
47 123 0 0.791007
7 199 0 1.13353
15 77 0 0.264985
37 89 0 0.23519
35 25 0 0.497541
4 76 0 0.136053
23 182 0 1.06431
19 64 0 0.255155
38 97 0 0.48036
83 37 0 0.359711
77 57 0 0.506357
80 88 0 0.551871
19 189 0 0.804259
