random samples
4
X
Y
Z
U-random-sampling
65 18 0 0.295004
50 44 0 0.484455
87 114 0 0.700681
18 194 0 1.13374
85 23 0 0.141236
75 141 0 0.729061
66 151 0 1.0662
98 101 0 0.336318
25 147 0 0.911652
2 185 0 0.769154
63 44 0 0.451277
84 125 0 0.587603
73 140 0 0.356173
2 82 0 0.0576912
11 193 0 1.02042
29 24 0 0.18467
68 9 0 0.269095
86 96 0 0.548964
19 45 0 0.275488
65 193 0 0.876954
69 186 0 1.00899
35 4 0 -0.0998929
78 6 0 0.125253
81 66 0 0.33722
19 146 0 0.64364
94 13 0 0.232625
47 63 0 0.0953456
66 38 0 0.172515
21 58 0 0.362404
80 104 0 0.476916
31 88 0 0.44971
29 2 0 -0.113383
30 120 0 0.38353
82 72 0 0.570674
55 3 0 0.460568
19 1 0 0.214217
71 28 0 0.551989
63 175 0 0.906274
53 144 0 0.823329
57 103 0 0.781828
1 189 0 0.874817
69 44 0 0.301273
53 115 0 0.65841
7 15 0 -0.0483668
1 157 0 1.01102
27 98 0 0.261096
99 108 0 0.510068
22 145 0 0.950117
10 4 0 0.142849
1 191 0 0.844788
34 133 0 0.839296
80 17 0 0.569627
21 134 0 0.421863
93 152 0 0.46403
98 145 0 0.615156
1 39 0 0.355848
78 135 0 0.841054
68 183 0 0.500361
51 167 0 0.511059
26 113 0 0.272485
66 63 0 0.340353
77 64 0 0.181499
47 142 0 0.449019
98 165 0 0.77438
49 30 0 0.506557
67 56 0 0.285068
43 133 0 0.865468
26 72 0 0.515395
94 58 0 0.46313
68 175 0 0.844326
65 105 0 0.609469
3 137 0 0.387744
90 168 0 0.997963
41 49 0 0.329818
47 35 0 0.39314
13 49 0 0.30742
36 73 0 0.351291
32 179 0 0.614002
14 100 0 0.304294
79 188 0 0.892872
52 118 0 0.362281
89 43 0 0.685263
79 73 0 0.349635
62 140 0 0.880108
6 21 0 -0.113308
78 108 0 0.48949
37 128 0 0.850248
47 183 0 0.620865
7 38 0 0.113946
15 133 0 0.794426
37 144 0 0.733342
35 58 0 0.139446
4 38 0 0.333025
23 102 0 0.0848897
19 115 0 0.664273
38 121 0 0.839003
83 126 0 0.430394
77 168 0 0.567696
80 36 0 0.513889
19 111 0 0.560939
65 8 0 0.289694
53 89 0 0.659394
47 74 0 0.390373
64 141 0 0.976398
48 108 0 0.44253
53 164 0 0.512075
91 176 0 1.10743
45 24 0 0.43513
63 65 0 0.506058
60 139 0 1.01019
25 91 0 0.449703
75 61 0 0.361317
54 155 0 0.746234
29 198 0 0.884463
86 16 0 0.580063
1 158 0 0.968476
29 147 0 1.22499
98 22 0 0.134361
48 40 0 0.21133
58 113 0 0.301594
1 129 0 0.458332
89 171 0 0.805616
12 107 0 0.457653
63 4 0 0.236184
88 150 0 0.413184
15 61 0 0.406046
39 102 0 0.611652
54 160 0 0.809069
47 93 0 0.47807
74 185 0 0.738337
57 35 0 0.156609
53 40 0 0.698316
41 35 0 -0.0940655
26 6 0 0.302355
4 70 0 0.251924
81 51 0 0.424464
65 152 0 1.07837
24 1 0 0.105693
66 118 0 0.722025
76 120 0 0.787483
52 12 0 0.367404
84 140 0 0.625992
32 113 0 0.62212
14 197 0 1.27472
78 90 0 0.676871
88 90 0 0.291551
81 7 0 0.134564
49 6 0 0.205701
43 92 0 0.568528
32 169 0 0.425328
53 117 0 0.416297
96 49 0 0.376599
93 191 0 0.928625
87 186 0 1.20867
33 89 0 0.48807
81 89 0 0.522987
37 58 0 0.261196
0 1 0 -0.290939
11 8 0 0.141801
69 170 0 0.831721
74 199 0 0.761461
39 118 0 0.743225
29 94 0 0.345205
64 157 0 1.20306
90 97 0 0.569715
76 70 0 0.115948
99 9 0 0.179624
98 198 0 1.24131
87 191 0 1.39238
94 31 0 0.112224
70 53 0 0.248454
85 69 0 0.674978
33 111 0 0.82251
51 18 0 0.498584
38 145 0 0.615025
87 2 0 0.0234846
28 92 0 0.233151
99 60 0 0.221474
67 128 0 0.54846
93 197 0 1.14798
70 28 0 0.492085
56 124 0 0.621362
61 86 0 0.646321
4 198 0 0.916034
79 173 0 0.565811
53 142 0 0.903889
31 132 0 0.74695
61 52 0 0.422988
99 41 0 0.389128
38 89 0 0.216336
44 75 0 0.288072
12 59 0 0.406167
38 33 0 -0.180757
91 126 0 0.395555
32 58 0 0.475438
48 97 0 0.544617
18 43 0 0.0422064
28 141 0 0.881686
44 60 0 -0.117107
94 52 0 0.436439
