random samples
4
X
Y
Z
U-random-sampling
65 68 0 0.317779
50 161 0 0.692565
87 43 0 0.355659
18 186 0 0.867737
85 197 0 1.03471
75 2 0 0.194018
66 156 0 1.14323
98 137 0 0.489679
25 103 0 0.24921
2 53 0 0.0905001
63 132 0 0.781112
84 155 0 0.584018
73 95 0 0.694291
2 197 0 0.9488
11 99 0 0.213804
29 134 0 0.57888
68 86 0 0.59886
86 52 0 0.499757
19 188 0 0.810284
65 137 0 0.593758
69 131 0 0.722332
35 7 0 -0.00503346
78 181 0 0.455775
81 83 0 0.512691
19 95 0 0.30193
94 27 0 0.120745
47 72 0 0.46557
66 65 0 0.182643
21 29 0 0.179145
80 159 0 0.729636
31 104 0 0.301881
29 178 0 0.165853
30 158 0 0.335565
82 125 0 0.415573
55 13 0 0.545331
19 157 0 0.512139
71 75 0 0.421233
63 94 0 0.255483
53 15 0 0.570611
57 30 0 0.412063
1 75 0 0.188309
69 70 0 0.437089
53 9 0 0.524592
7 47 0 0.149289
1 39 0 0.355848
27 77 0 0.469946
99 166 0 0.727155
22 154 0 0.50649
10 160 0 0.883322
1 38 0 0.172673
