random samples
4
X
Y
Z
U-random-sampling
97 51 0 -0.999341
75 121 0 -0.925775
131 32 0 1.26309
27 140 0 -0.0194173
127 148 0 -1.45002
112 1 0 1.26404
99 117 0 -1.13019
148 102 0 0.742678
38 77 0 -0.741199
4 40 0 -0.865873
95 99 0 -0.205745
127 116 0 0.510923
110 71 0 0.199815
3 148 0 -0.4388
16 74 0 -0.435995
44 100 0 0.0190263
103 64 0 -0.0573434
129 39 0 1.33013
29 141 0 0.501972
98 103 0 -0.589332
104 98 0 -0.018227
52 5 0 1.08719
118 135 0 -0.256309
122 62 0 0.528943
29 71 0 0.0903574
142 20 0 1.07868
71 54 0 -0.636416
99 48 0 -0.154575
31 22 0 1.26593
121 119 0 1.2212
47 78 0 -0.0716495
44 134 0 -1.13017
45 119 0 0.353755
124 94 0 -1.51158
82 10 0 1.87026
28 118 0 -0.656203
107 56 0 0.132829
95 70 0 -0.423677
79 11 0 1.59698
85 23 0 -0.542014
1 56 0 -0.479715
104 52 0 -0.0599952
80 7 0 0.774382
11 35 0 -1.44626
2 29 0 -1.95134
41 57 0 -0.238524
149 125 0 0.0258172
33 116 0 0.549027
15 120 0 1.73717
2 28 0 -1.71363
