random samples
4
X
Y
Z
U-random-sampling
97 98 0 -0.0883855
75 80 0 1.03843
131 71 0 1.19317
27 97 0 -0.27437
127 73 0 0.915637
112 80 0 -0.15091
99 137 0 0.155109
148 68 0 0.429373
38 95 0 -2.09731
4 90 0 1.13057
95 38 0 0.0233756
127 113 0 -0.761884
110 81 0 -0.51725
3 43 0 -1.36197
16 130 0 2.31557
44 1 0 2.1018
103 43 0 -0.411655
129 148 0 -1.26405
29 72 0 -0.0831432
98 87 0 -0.537785
104 2 0 0.574053
52 133 0 -1.03726
118 18 0 -0.456035
122 95 0 -1.37411
29 132 0 -0.565407
142 22 0 1.22116
71 59 0 0.225172
99 82 0 0.425285
31 70 0 -0.713455
121 111 0 -0.736714
47 86 0 -0.254924
44 80 0 0.135225
45 62 0 0.0773896
124 39 0 1.23025
82 6 0 0.468458
28 122 0 0.120209
107 98 0 -0.74754
95 36 0 0.0508035
79 99 0 0.106222
85 115 0 -1.72151
1 79 0 1.7092
104 126 0 0.286099
80 48 0 -1.30148
11 22 0 -0.389078
2 117 0 0.134109
41 132 0 0.944625
149 122 0 1.16966
33 74 0 -0.817693
15 64 0 -0.420027
2 49 0 0.611393
51 79 0 -0.637017
121 145 0 -1.28761
32 139 0 0.740975
140 130 0 0.162129
148 50 0 1.56114
1 121 0 0.906707
117 56 0 0.143173
102 1 0 -0.388275
77 17 0 1.03762
40 103 0 -0.598461
99 111 0 -1.20421
116 58 0 0.344692
71 44 0 0.707715
148 96 0 -0.468694
74 135 0 0.844034
100 114 0 -0.876147
64 149 0 2.08382
39 147 0 1.63171
141 131 0 -0.0784896
103 141 0 0.594997
98 105 0 -1.48578
5 128 0 2.22987
135 50 0 1.32638
62 77 0 0.998896
71 57 0 0.583451
20 130 0 0.973376
54 42 0 1.5797
48 149 0 -0.767227
22 101 0 -0.696747
119 140 0 -1.48535
78 105 0 -0.106387
134 84 0 0.122389
119 92 0 -0.711695
94 6 0 -0.898378
10 119 0 1.7454
118 80 0 0.422533
56 47 0 1.53365
70 92 0 1.70328
11 149 0 0.0865617
23 57 0 0.00570277
56 66 0 0.209576
52 19 0 0.881809
7 57 0 0.0737927
35 137 0 1.40925
29 48 0 0.3791
57 72 0 0.0431869
125 28 0 0.570699
116 43 0 1.82238
120 66 0 0.768192
28 142 0 0.689292
