random samples
4
X
Y
Z
U-random-sampling
97 14 0 -0.618994
75 33 0 0.276174
131 85 0 0.409677
27 145 0 0.0579594
127 17 0 0.181772
112 106 0 -1.35994
99 113 0 -1.25539
148 76 0 -0.62688
38 110 0 -0.0744536
4 139 0 0.89399
95 33 0 0.926056
127 94 0 -0.00231388
110 105 0 -2.1161
3 61 0 -1.00133
16 144 0 0.149726
44 18 0 1.70298
103 7 0 0.78568
129 72 0 1.07896
29 34 0 -0.684053
98 145 0 -0.201523
104 139 0 0.0385963
52 3 0 1.48529
118 4 0 -0.0685417
122 50 0 1.64677
29 109 0 -1.91571
142 9 0 0.560707
71 47 0 0.164524
99 28 0 -0.999566
31 44 0 0.806859
121 78 0 0.257588
47 66 0 -0.175379
44 2 0 2.0913
45 90 0 0.186647
124 54 0 1.17221
82 2 0 0.934575
28 1 0 0.194046
107 21 0 -0.442957
95 131 0 0.618103
79 108 0 -0.0112862
85 77 0 0.79751
1 142 0 0.297192
104 33 0 0.792531
80 86 0 0.493152
11 11 0 2.31878
2 117 0 0.134109
41 74 0 -0.329689
149 81 0 -1.55252
33 109 0 -0.32758
15 3 0 0.918318
2 143 0 0.579941
51 99 0 -0.0309494
121 13 0 0.203629
32 101 0 -0.35
140 114 0 -0.215921
148 108 0 -0.225923
1 29 0 -1.28894
117 101 0 -2.22578
102 137 0 0.102544
77 125 0 -0.977601
40 84 0 -0.583377
99 47 0 -0.322795
116 48 0 0.83718
71 106 0 -0.586757
148 124 0 0.50252
74 22 0 1.01906
100 42 0 -0.551908
64 99 0 0.879442
39 54 0 -0.551037
141 43 0 0.147897
103 131 0 -0.652814
98 78 0 0.535785
5 103 0 -0.0735791
135 126 0 0.30756
62 36 0 1.15889
71 26 0 0.99673
20 37 0 1.12592
54 54 0 0.927377
48 134 0 -0.881282
22 75 0 0.619793
119 141 0 -1.25245
78 89 0 0.962092
134 32 0 1.27744
119 55 0 0.489287
94 105 0 -1.67032
10 16 0 0.264871
118 81 0 0.0701542
56 96 0 -0.397968
70 137 0 0.0019068
11 29 0 -0.85055
23 100 0 -0.346049
56 108 0 -1.04518
52 44 0 1.14225
7 29 0 -2.34977
35 77 0 0.00179291
29 86 0 0.677561
57 91 0 0.0813482
125 94 0 -1.46057
116 126 0 1.60154
120 27 0 0.08807
28 83 0 1.44507
98 6 0 -1.11142
80 67 0 -0.0429673
71 55 0 -0.120846
97 106 0 -2.38282
73 81 0 0.881424
80 123 0 0.193978
137 132 0 -1.08632
68 18 0 0.726828
95 49 0 -0.252308
90 104 0 -1.02292
38 68 0 -0.633592
113 45 0 0.999279
81 116 0 -1.5284
43 149 0 0.270137
130 12 0 -0.790842
1 119 0 0.615075
43 110 0 -0.885448
148 17 0 0.358795
72 30 0 1.25726
87 85 0 0.0721699
2 96 0 -0.313848
133 128 0 -0.539151
18 80 0 0.210584
95 3 0 -0.848219
132 112 0 -0.247031
22 45 0 1.93264
59 76 0 0.486872
82 120 0 -0.587382
70 70 0 0.588549
111 138 0 0.514394
86 26 0 -1.35926
80 30 0 -0.263467
62 26 0 1.41725
39 4 0 2.338
6 53 0 0.89522
122 38 0 1.11434
98 114 0 -1.21785
36 1 0 1.64533
99 88 0 0.105099
115 90 0 -0.103888
79 9 0 1.22036
126 105 0 -2.29217
48 85 0 0.0389006
22 148 0 0.414798
117 68 0 0.513199
132 67 0 0.949257
122 5 0 0.205484
74 5 0 0.58128
64 69 0 0.641869
49 127 0 0.932309
79 88 0 0.972901
145 37 0 -1.00667
139 143 0 -0.678784
130 139 0 -0.710051
50 67 0 0.601369
121 67 0 1.28761
56 44 0 1.53828
1 1 0 -0.188463
17 6 0 1.65104
103 127 0 0.125211
111 149 0 -0.0543221
58 88 0 0.207319
44 70 0 -0.814032
96 118 0 -0.704046
135 72 0 1.27878
114 53 0 0.861618
149 7 0 0.398246
147 148 0 0.898353
131 143 0 -0.546228
141 23 0 1.07479
105 40 0 0.807542
128 51 0 1.43076
50 83 0 -0.201919
77 13 0 2.27991
57 109 0 -0.915654
130 1 0 -0.9173
42 69 0 -0.639097
149 45 0 0.346981
101 96 0 0.29923
140 148 0 -0.504434
105 21 0 -1.03922
84 93 0 -0.0124802
92 65 0 -1.14582
6 148 0 -0.377407
119 129 0 1.31495
80 106 0 -0.62414
47 99 0 -0.447057
92 39 0 -0.18829
149 31 0 1.52982
57 67 0 0.355546
66 56 0 -0.47189
19 44 0 1.21877
57 24 0 2.00479
137 95 0 0.519849
48 44 0 0.129123
72 73 0 1.18794
28 32 0 0.442317
43 105 0 -0.791443
66 45 0 0.479418
142 39 0 -0.803793
