random samples
4
X
Y
Z
U-random-sampling
97 79 0 0.288652
75 145 0 2.56087
131 139 0 -0.719045
27 130 0 0.142484
127 50 0 0.963446
112 121 0 1.59747
99 56 0 -1.15501
148 1 0 -0.00940412
38 17 0 1.17298
4 103 0 0.518634
95 111 0 -1.82977
127 58 0 -0.239168
110 44 0 1.29087
3 96 0 -0.217938
16 135 0 1.98776
44 114 0 0.468666
103 149 0 -1.03823
129 147 0 -1.17085
29 131 0 -0.0331879
98 141 0 0.226948
104 105 0 -1.22169
52 128 0 -0.738578
118 50 0 0.675782
122 77 0 0.556099
29 57 0 -0.0165886
142 130 0 -0.0554914
71 42 0 0.542461
99 149 0 -0.259929
31 101 0 -0.643936
121 140 0 -1.51394
47 105 0 0.460313
44 84 0 -0.12926
45 92 0 -0.299268
124 6 0 0.0284525
82 119 0 -0.768023
28 80 0 0.846726
107 47 0 0.122975
95 92 0 0.223356
79 149 0 3.01406
85 57 0 -2.14405
1 66 0 -1.13342
104 19 0 -1.10813
80 57 0 -0.981874
11 137 0 1.4852
2 48 0 0.561982
41 72 0 0.0441338
149 28 0 0.180138
33 43 0 0.715835
15 66 0 0.0765007
2 142 0 0.403259
51 14 0 1.63715
121 33 0 1.5093
32 85 0 0.364807
140 145 0 -0.177487
148 17 0 0.358795
1 106 0 0.493047
117 113 0 0.167401
102 76 0 0.210648
77 110 0 -0.705051
40 139 0 0.407219
99 33 0 0.327918
116 94 0 -1.37038
71 105 0 0.0648114
148 61 0 2.48588
74 144 0 2.25481
100 18 0 -0.548997
64 7 0 -0.152994
39 72 0 0.41679
141 34 0 0.231033
103 145 0 -0.525558
98 139 0 0.0874277
5 3 0 0.387073
135 4 0 -1.93724
62 50 0 0.789353
71 109 0 -1.00814
20 9 0 1.09357
54 47 0 1.76975
48 28 0 1.41582
22 44 0 1.6867
119 78 0 0.844695
78 66 0 0.240371
134 2 0 -1.25133
119 90 0 -0.50778
94 54 0 -1.3402
10 2 0 -0.252596
118 1 0 0.663439
56 21 0 1.179
70 131 0 -0.112463
11 108 0 0.13551
23 77 0 0.251236
56 142 0 -5.24972e-05
52 33 0 1.49881
7 86 0 1.25319
35 11 0 1.58777
29 117 0 -0.335981
57 74 0 -0.226123
125 81 0 -0.20749
116 109 0 -2.1885
120 3 0 0.212348
28 143 0 0.748328
98 99 0 -0.0055602
80 13 0 1.60596
71 101 0 0.608414
97 114 0 -1.0553
73 108 0 0.513922
80 29 0 -0.367512
137 101 0 -0.270058
68 137 0 0.712746
95 125 0 -0.25404
90 84 0 0.279022
38 47 0 0.365691
113 48 0 1.06983
81 106 0 -0.925622
43 124 0 1.26889
130 22 0 0.42699
1 42 0 -2.20138
43 99 0 -0.822132
148 54 0 1.2866
72 43 0 1.0559
87 131 0 1.00379
2 78 0 1.01216
133 103 0 -0.539262
18 126 0 1.22084
95 36 0 0.0508035
132 26 0 1.05688
22 37 0 1.75955
59 54 0 -0.0627233
82 134 0 1.18382
70 75 0 0.677242
111 141 0 -0.236186
86 89 0 0.497877
80 32 0 -0.58182
62 55 0 -0.176167
39 105 0 -0.977258
6 16 0 -0.0105613
122 81 0 0.0778205
98 96 0 -0.392923
36 137 0 1.95939
99 29 0 -0.0749844
115 100 0 -2.86775
79 108 0 -0.0112862
126 44 0 1.54793
48 29 0 1.38302
22 77 0 0.139184
117 86 0 0.35854
132 91 0 2.1117
122 94 0 -1.17811
74 126 0 -0.984054
64 27 0 1.93985
49 83 0 0.121372
