TI50 (50x50x1)
1
u__real0
1.15538871288 
0.39196780324 
0.402951091528 
-0.459577977657 
-0.560339927673 
-0.962278425694 
-1.22330224514 
-1.35815632343 
-0.846381545067 
-1.10230481625 
-1.34401977062 
-1.33668363094 
-1.55733811855 
-1.40320169926 
-0.41862154007 
-1.05231833458 
-0.811340510845 
-0.63322776556 
-0.785923719406 
-0.825006663799 
-0.253949582577 
-0.225687980652 
-0.812494695187 
-1.35749936104 
-1.26316678524 
-1.03862273693 
-0.867770075798 
-0.695523321629 
-1.60341250896 
-0.9201810956 
-1.25092077255 
-1.69859671593 
-1.53392827511 
-1.33038032055 
-0.932382524014 
-0.612165331841 
-0.631102383137 
-0.743778586388 
-0.273430138826 
-0.193957939744 
-0.334033548832 
-0.2536701262 
0.118672654033 
0.231664136052 
-0.103622213006 
-0.0589611344039 
0.0209943465889 
-0.34193661809 
-0.758945345879 
-0.662165462971 
0.530810594559 
0.362971156836 
0.103124842048 
0.330280810595 
-0.212392687798 
-0.387879550457 
-0.848577916622 
-0.7597463727 
-0.660118937492 
-1.03306603432 
-1.38304972649 
-1.65487873554 
-1.63885116577 
-1.44127571583 
-0.993872225285 
-1.00390326977 
-0.277018070221 
-0.730768501759 
-0.703092694283 
-0.856141149998 
-0.438283234835 
-0.641162931919 
-1.4518840313 
-1.48736512661 
-1.31293952465 
-0.724966704845 
-0.632523715496 
-0.697220146656 
-0.598536252975 
-1.00447046757 
-1.2548738718 
-1.60255146027 
-1.36993205547 
-0.864026069641 
-0.837219238281 
-0.752833366394 
-0.665514647961 
-0.806795597076 
-0.805851578712 
-0.293816417456 
-0.0587831512094 
-0.453209996223 
-0.399572402239 
-0.371957451105 
0.0380488298833 
-0.175566330552 
-0.488893926144 
-0.354037731886 
-0.525077581406 
-0.679461956024 
0.768557310104 
0.295489788055 
0.201783597469 
0.249889835715 
-0.368297457695 
-0.476302564144 
-1.07430768013 
-0.873863220215 
-0.363867551088 
-0.862197041512 
-0.71915525198 
-1.11801719666 
-1.61965882778 
-1.011947155 
-1.02546513081 
-0.565509021282 
-0.419453829527 
-0.540209770203 
-1.01579725742 
-0.873183071613 
-0.803367197514 
-1.22006487846 
-1.39384579659 
-1.3648775816 
-1.14551746845 
-0.923060238361 
-0.783878445625 
-0.759625196457 
-0.519681990147 
-1.2515411377 
-1.41332650185 
-1.6589537859 
-1.34682691097 
-0.83625972271 
-1.03948926926 
-0.821118593216 
-0.542160093784 
-0.197103217244 
-0.560657024384 
-0.364257007837 
0.23961520195 
-0.284891188145 
-0.723453760147 
-0.310848385096 
-0.311628609896 
-0.458640396595 
-0.483921229839 
-0.234021961689 
-0.16128398478 
-0.318996340036 
1.09828317165 
0.139702364802 
0.0247724503279 
0.267852336168 
-0.039259545505 
-0.0665798932314 
-0.601829171181 
-0.687901735306 
-0.454187810421 
-0.833481967449 
-1.15421402454 
-0.837422132492 
-1.24943256378 
-0.991608142853 
-1.18232643604 
-0.832217752934 
-0.506542801857 
-0.855433404446 
-0.922218799591 
-1.11932337284 
-1.13219535351 
-1.2437813282 
-1.41380822659 
-1.24095070362 
-1.08153033257 
-0.77208673954 
-0.794733822346 
-0.76681303978 
-1.01788532734 
-1.29057431221 
-1.14733338356 
-1.38960146904 
-1.24657428265 
-0.724493920803 
-0.609248042107 
-1.25765764713 
-0.497650235891 
-0.850143492222 
-0.607501268387 
-0.618099272251 
-0.200203493237 
-0.272876620293 
-0.217286556959 
-0.0353657491505 
-0.205076396465 
0.346371293068 
-0.0541729517281 
0.102160170674 
-0.125194519758 
0.297291040421 
1.35400974751 
0.217535719275 
0.406094551086 
0.963956058025 
0.0917300954461 
0.136015966535 
0.00873439852148 
-0.0800528079271 
-1.007396698 
-0.91009837389 
-0.814396321774 
-0.806721031666 
-0.566322505474 
-0.898894011974 
-0.91268324852 
-1.14543735981 
-0.278123736382 
-1.03987658024 
-1.69779002666 
-1.43502867222 
-1.17269456387 
-0.751485943794 
-0.967130720615 
-0.596015751362 
-0.929752886295 
-0.956443727016 
-0.994794428349 
-0.494417101145 
-0.677406132221 
-1.33356654644 
-1.49229085445 
-1.43382465839 
-0.748031437397 
-0.648678839207 
-0.450887471437 
-0.604527115822 
-0.21828879416 
-0.561506569386 
-0.293661355972 
-0.360414206982 
-0.365088135004 
-0.360638141632 
-0.650621175766 
-0.124970115721 
-0.351857692003 
0.0841498151422 
0.314301550388 
0.506843030453 
0.0668266937137 
0.456054747105 
1.0400506258 
0.592362999916 
0.537979722023 
0.207669064403 
0.773075401783 
0.437746375799 
0.132904455066 
-0.254581063986 
-0.476667076349 
-0.496357440948 
-0.169655665755 
-0.32924118638 
-0.175207450986 
-0.322690576315 
-0.127731665969 
-0.448120713234 
-0.194673076272 
-1.01151037216 
-1.67750644684 
-1.18630814552 
-0.67241358757 
-0.641850352287 
-0.714336454868 
-0.90450823307 
-0.964098513126 
-0.567184150219 
-1.08227586746 
-1.11332392693 
-1.3724874258 
-1.80347299576 
-1.62910795212 
-0.72671610117 
-1.13647925854 
-0.799525678158 
-0.585692763329 
-0.467597514391 
0.0279642995447 
-0.613608777523 
-0.45084515214 
-0.319602876902 
-0.123720929027 
-0.143182426691 
-1.02830982208 
-0.419055849314 
-0.105267547071 
-0.087220273912 
0.359200060368 
0.415494084358 
0.406201243401 
0.734173238277 
0.895363867283 
0.462306678295 
0.582888782024 
0.796868026257 
1.00371801853 
0.764643609524 
0.111736796796 
-0.0710552409291 
-0.280892699957 
-0.39727473259 
0.113686792552 
-0.489689350128 
0.0318553671241 
-0.21630884707 
-0.234582930803 
-0.0188548862934 
-0.455050945282 
-1.03065598011 
-1.12429392338 
-0.98264759779 
-0.834758579731 
-1.16861069202 
-0.924991488457 
-0.855554699898 
-0.653685986996 
-0.610919892788 
-1.34020531178 
-1.40537750721 
-1.39182579517 
-1.35605871677 
-1.59045469761 
-1.49980282784 
-1.10053241253 
-0.688795268536 
-0.760358154774 
-0.41246125102 
-0.248365774751 
-0.276524752378 
-0.406877666712 
0.00321859400719 
-0.00861353520304 
0.054740421474 
-0.174438074231 
-0.779306173325 
-0.0967831015587 
0.14893963933 
0.714182913303 
0.54690527916 
0.777104258537 
0.730828344822 
0.507376849651 
0.26408714056 
1.00009560585 
1.33791172504 
1.01842856407 
0.409880250692 
0.233822777867 
0.109535545111 
-0.0933624356985 
-0.178175702691 
-0.1706340909 
-0.345400542021 
-0.0891302451491 
0.0596317388117 
-0.331540197134 
-0.314833313227 
-0.483002990484 
-0.351989090443 
-0.513537704945 
-0.984166264534 
-0.931214153767 
-0.889820992947 
-1.14965176582 
-0.737892746925 
-0.583297908306 
-0.831578612328 
-0.728318929672 
-1.18176960945 
-1.60672140121 
-1.56986165047 
-1.16632258892 
-0.929440915585 
-1.05049037933 
-0.722916066647 
-0.490568965673 
-0.0640364065766 
-0.118072591722 
-0.473604917526 
-0.0353494510055 
-0.0678156763315 
-0.260029554367 
-0.225408479571 
-0.161766916513 
-0.0287822373211 
0.174342051148 
0.596950531006 
0.342093467712 
0.652663886547 
1.36088037491 
1.59018754959 
0.464715570211 
0.653521478176 
1.03689014912 
0.816175997257 
0.50890982151 
0.31630435586 
-0.0285536739975 
-0.0152245853096 
-0.238410130143 
-0.161930143833 
-0.425829797983 
-0.245022386312 
-0.451032489538 
-0.362344354391 
-0.561173200607 
-0.220246613026 
-0.527538657188 
-0.357746750116 
-0.445729345083 
-0.338013648987 
-0.675753414631 
-0.496274411678 
-0.624933958054 
-0.334378480911 
-0.964921593666 
-0.885294735432 
-1.08671522141 
-1.23182106018 
-1.29909729958 
-1.30761325359 
-1.06679451466 
-0.841493189335 
-0.497654259205 
-0.576404333115 
-0.0678445920348 
-0.32494956255 
0.257995665073 
-0.244548022747 
-0.615128874779 
-0.15288208425 
-0.386234402657 
-0.188739985228 
-0.145193561912 
0.226076468825 
0.609504342079 
1.19730436802 
0.580862879753 
0.622843325138 
1.45843780041 
1.46948254108 
0.709384024143 
1.2610373497 
0.905927121639 
0.785328269005 
0.581790208817 
0.564044773579 
0.554411649704 
0.00314117479138 
0.191326633096 
0.346879839897 
0.129015877843 
0.201180562377 
0.253113865852 
0.0146204037592 
-0.165332257748 
-0.418324828148 
-0.490732163191 
-0.433700710535 
-0.41286200285 
-0.452497601509 
-0.0608632564545 
-0.430023103952 
-0.639569699764 
-0.722214698792 
-0.901670753956 
-1.04682946205 
-0.997794032097 
-1.1837066412 
-1.19131410122 
-0.935234606266 
-0.674509525299 
-1.01928663254 
-0.622541368008 
-0.661603450775 
-0.269613951445 
-0.37885221839 
-0.0479433871806 
-0.121582433581 
-0.385841220617 
-0.164365753531 
0.219365730882 
0.338627636433 
0.576604604721 
0.929379045963 
0.741230964661 
1.07616066933 
0.977707564831 
1.00780940056 
1.72313797474 
1.69870054722 
0.866437613964 
1.5263851881 
0.927482783794 
0.714768946171 
0.616098642349 
0.0855261012912 
0.426608681679 
0.713033497334 
0.358777582645 
0.326195448637 
0.359337002039 
0.769888520241 
1.09620726109 
0.237393990159 
-0.334965854883 
-0.792666316032 
-0.789168179035 
0.088992126286 
-0.117002218962 
-0.455351471901 
-0.00244679721072 
0.0584101676941 
-0.544334352016 
-0.873099505901 
-0.957816004753 
-0.568115830421 
-0.857440054417 
-1.1395355463 
-0.955166518688 
-1.20324349403 
-0.399104684591 
-0.61422842741 
-0.37107616663 
-0.17238946259 
-0.564313530922 
-0.107150644064 
-0.230950385332 
-0.128023743629 
0.201028138399 
-0.0262302532792 
0.408424019814 
0.717982411385 
1.14629864693 
0.709196746349 
0.993418395519 
1.21166110039 
1.13545334339 
1.81451702118 
1.46260237694 
1.64496481419 
1.09107398987 
0.505404829979 
0.829745233059 
0.671971976757 
0.385773599148 
0.374025464058 
0.0629218220711 
0.899499237537 
0.424841582775 
0.141992837191 
0.658073961735 
1.2250893116 
0.848806858063 
-0.096836142242 
-0.276748239994 
-0.568686366081 
-0.72936964035 
-0.414648294449 
-0.539917230606 
-0.456500202417 
-0.0715619325638 
-0.142563477159 
-0.480992943048 
-0.970393180847 
-0.948050260544 
-0.555054068565 
-0.719511091709 
-0.896437942982 
-0.74985730648 
-0.652097642422 
-0.840492546558 
-0.458901077509 
-0.330549776554 
0.0102841267362 
-0.555026352406 
-0.500166237354 
-0.452307194471 
0.439161509275 
0.870841503143 
0.935719788074 
1.14564979076 
1.26287937164 
1.20689094067 
1.42891788483 
1.69624364376 
1.58759999275 
1.87342751026 
2.10696792603 
1.46539866924 
1.4039696455 
1.42709326744 
1.08793509007 
1.10078191757 
1.10937726498 
0.759938836098 
0.0769063830376 
0.284059822559 
1.03181767464 
0.474211007357 
0.273158848286 
0.971412181854 
0.627954304218 
0.682821154594 
0.0305072963238 
-0.220663845539 
-0.471487849951 
-0.519187927246 
-0.28188765049 
0.20896114409 
0.073925934732 
0.0105006322265 
-0.50525945425 
-0.234689518809 
-0.616687178612 
-0.773936212063 
-1.12153553963 
-0.734672725201 
-0.466629236937 
-0.734017848969 
-0.228571772575 
-0.491773247719 
-0.279024720192 
0.042117126286 
-0.0469574034214 
-0.211460292339 
-0.651404500008 
-0.0976950079203 
0.459748506546 
1.51205599308 
0.893542528152 
0.910577893257 
1.4413639307 
1.77882122993 
1.44432342052 
1.3232755661 
1.73042523861 
1.79415273666 
2.16805267334 
1.92494177818 
1.75750434399 
1.24083268642 
1.28743469715 
1.45760345459 
0.904170393944 
0.578473746777 
0.23389069736 
0.738703370094 
0.669601738453 
0.474699854851 
0.335446685553 
0.845833897591 
0.983642935753 
0.487655609846 
0.445523262024 
0.243798002601 
-0.18481490016 
-0.0474744774401 
-0.393227010965 
0.00094140029978 
0.174354404211 
-0.156265616417 
-0.289857149124 
-0.400945097208 
-0.121688261628 
-0.895169317722 
-1.08350205421 
-0.911924004555 
-0.715709984303 
-0.635285317898 
-0.347027957439 
-0.794149518013 
0.00412116246298 
0.0685167014599 
-0.496114194393 
-0.454690217972 
-0.618166744709 
-0.489279419184 
0.154303580523 
1.04517436028 
0.679416596889 
1.12459611893 
1.39288043976 
1.5281586647 
2.04322290421 
1.99499309063 
1.94802856445 
2.15317797661 
1.9034537077 
1.87201857567 
1.46905195713 
1.83207964897 
1.69893062115 
0.886568129063 
0.435763329268 
0.632758319378 
0.187350615859 
0.469283878803 
0.243326976895 
0.588144361973 
0.221300512552 
0.279465466738 
0.660220324993 
0.321593791246 
0.706003367901 
-0.0852836072445 
0.173022285104 
-0.0735997036099 
-0.0879587829113 
-0.241650640965 
0.215036794543 
-0.173951476812 
-0.594083189964 
-0.548202812672 
-0.302982956171 
-1.16390001774 
-1.1036349535 
-0.720156908035 
-0.741049230099 
-0.638618648052 
-0.332104861736 
-0.575344860554 
-0.36153998971 
-0.716970443726 
-0.405540049076 
-0.457624167204 
-0.259744524956 
-0.150638073683 
-0.026637122035 
0.467522382736 
0.805489122868 
1.26355242729 
1.36112582684 
2.00163078308 
2.00632762909 
1.85911333561 
1.69535017014 
2.08712100983 
1.92245531082 
1.7299926281 
1.4590972662 
1.58331930637 
1.53297519684 
0.925358355045 
0.159075319767 
0.221031546593 
0.271505773067 
-0.0409753285348 
0.203323230147 
0.241549417377 
0.511673212051 
0.539408624172 
0.369470447302 
0.476845234632 
0.550336658955 
0.761693716049 
0.351841658354 
0.151529729366 
-0.207501232624 
0.0629388913512 
-0.196298971772 
0.042573787272 
-0.440433770418 
0.12274094671 
-0.449381321669 
-0.788146197796 
-1.2420334816 
-0.709777593613 
-0.833480656147 
-0.261082053185 
-0.334804683924 
-0.573788642883 
-0.714543998241 
-0.9305087924 
-0.283384978771 
-0.145659208298 
-0.297570049763 
0.0165975801647 
0.310596287251 
0.434721589088 
1.05025696754 
1.38766241074 
1.38149499893 
1.19164514542 
1.77502274513 
1.90668582916 
1.77435982227 
1.65209257603 
1.11406803131 
1.15147733688 
1.0227868557 
1.66515040398 
0.956835627556 
0.835860848427 
0.122203037143 
0.356796354055 
0.116586662829 
-0.137985527515 
0.0744858682156 
0.677975475788 
0.954731225967 
0.690092861652 
0.506844937801 
0.615560472012 
0.495346754789 
0.350907772779 
0.153206259012 
0.00796879455447 
0.237473860383 
-0.0340316221118 
-0.150703206658 
-0.139414176345 
-0.254372745752 
-0.122502312064 
-0.751415133476 
-1.07271671295 
-1.29998016357 
-1.07454991341 
-0.553444743156 
-0.413816094398 
-0.630564272404 
-0.718224048615 
-0.931669771671 
-0.970975935459 
-0.381366938353 
-0.251675754786 
-0.0178375206888 
0.365222901106 
0.4174028337 
0.4848510921 
0.993919789791 
1.14740335941 
1.18657231331 
1.37877142429 
1.44093608856 
1.44233715534 
1.59026432037 
1.39347338676 
1.03952026367 
0.944613516331 
0.564310371876 
1.46893680096 
1.30764424801 
0.71472710371 
0.360382407904 
0.543213188648 
0.323673248291 
-0.130513072014 
-0.403909802437 
0.261275559664 
0.3581404984 
0.150362402201 
0.257175087929 
0.530735015869 
0.470748275518 
0.52218079567 
0.439563006163 
0.349483340979 
0.127306610346 
-0.105648800731 
0.412733584642 
0.297082096338 
-0.250111997128 
-0.567371189594 
-0.467558294535 
-0.575260698795 
-0.860617160797 
-1.14645373821 
-0.914005339146 
-0.992713272572 
-1.76912617683 
-1.53157234192 
-1.37449359894 
-1.6060436964 
-0.617782056332 
-0.201143443584 
0.0753002464771 
-0.277031034231 
0.128305137157 
0.377430796623 
0.347010850906 
0.979998528957 
0.905301332474 
1.16615366936 
1.41466224194 
0.974895775318 
1.09331762791 
0.657131910324 
0.749117255211 
0.475661128759 
0.372287392616 
1.7245016098 
1.6802803278 
1.30538570881 
0.858050227165 
0.623135745525 
0.684674263 
0.307297110558 
0.22791069746 
-0.0228218305856 
-0.193859398365 
0.347224771976 
0.595182538033 
0.56493639946 
0.411337822676 
0.844809353352 
0.351464450359 
0.112672999501 
-0.528107404709 
-0.237039938569 
-0.0269893612713 
0.360834509134 
-0.324877440929 
-0.42093577981 
-0.483993083239 
-0.946402013302 
-1.23131585121 
-0.867239296436 
-0.92805480957 
-1.2943418026 
-1.55518424511 
-1.35216355324 
-1.29137122631 
-1.03561115265 
-0.735799729824 
-0.362105071545 
-0.447901725769 
-0.286129713058 
0.228303641081 
0.673285663128 
0.897804617882 
0.947792470455 
1.05074930191 
1.14306402206 
0.924970984459 
0.284184843302 
0.665879786015 
0.934186816216 
0.62393951416 
0.127065196633 
0.283845305443 
1.85922527313 
2.04997467995 
1.42725050449 
0.988279879093 
0.694868147373 
0.679175555706 
0.653826951981 
0.485931903124 
0.180660828948 
0.133579790592 
0.261079192162 
0.566473722458 
0.731450438499 
0.654974937439 
0.850019693375 
1.08982372284 
0.78964048624 
-0.0801987275481 
-0.41858497262 
-0.567241728306 
-0.466540724039 
-0.427169710398 
-0.579587519169 
-1.03202068806 
-1.12677693367 
-1.12303185463 
-1.38057172298 
-1.40037250519 
-1.45685827732 
-1.57615196705 
-1.79195177555 
-1.41985225677 
-1.26525354385 
-1.01292908192 
-1.15905499458 
-0.530714988708 
-0.306000083685 
0.20443418622 
0.0933664441109 
0.372791260481 
0.444003969431 
0.614101052284 
0.921605467796 
1.18666183949 
0.853117525578 
0.735268950462 
0.196812540293 
0.210137978196 
0.185635253787 
0.0305533073843 
2.0300180912 
1.78518426418 
1.46272683144 
1.33611309528 
0.671753525734 
0.229485973716 
1.03186118603 
0.9857391119 
0.746635854244 
0.962829530239 
0.529613494873 
0.373961895704 
0.463237345219 
0.699409306049 
1.16741228104 
1.5033929348 
0.467008858919 
-0.0306971594691 
-0.434378415346 
-0.517201423645 
-0.716012895107 
-0.604193389416 
-1.0144405365 
-1.31665360928 
-1.10505592823 
-1.20279574394 
-1.22537231445 
-1.06686651707 
-1.26906549931 
-1.51428425312 
-1.60384273529 
-1.83960843086 
-1.71388971806 
-1.27543878555 
-0.799225628376 
-0.88888001442 
-0.87887597084 
-0.574830234051 
-0.162513777614 
0.0545452386141 
0.374105244875 
0.639331638813 
1.26900982857 
0.748352766037 
0.916811704636 
0.352523744106 
0.338468879461 
0.235016897321 
0.386268287897 
-0.0718341395259 
1.73357188702 
1.60277497768 
1.42459499836 
1.31438374519 
1.19104814529 
0.837372779846 
0.587934076786 
1.28395080566 
1.0041667223 
0.559991836548 
0.423007726669 
0.341374069452 
0.752506554127 
0.6808360219 
1.02839386463 
1.00724625587 
0.598009109497 
-0.0284786801785 
-0.801078081131 
-1.43869364262 
-1.61452782154 
-0.993833720684 
-1.20282518864 
-1.36818170547 
-1.64046609402 
-1.44099092484 
-1.35989558697 
-1.26467764378 
-1.2868462801 
-1.64227938652 
-1.52040541172 
-1.48931527138 
-1.74011015892 
-1.30950510502 
-1.36021149158 
-0.860164999962 
-0.682435750961 
-0.484483003616 
-0.417465746403 
-0.360163718462 
0.12602673471 
0.569478332996 
1.11013007164 
0.614012122154 
0.594196200371 
0.447454065084 
0.421436995268 
0.284258335829 
0.185436189175 
-0.0416935868561 
1.78722143173 
1.75897824764 
1.63470232487 
1.47994124889 
1.19412982464 
1.07147300243 
0.868510842323 
1.35583329201 
0.974671006203 
0.553915739059 
0.46199002862 
0.956039428711 
0.628119111061 
0.925265967846 
0.527457177639 
0.398879170418 
0.149191781878 
-0.301251232624 
-0.772367179394 
-1.33596992493 
-1.58774554729 
-1.37738001347 
-0.99547213316 
-0.672982871532 
-1.17220747471 
-1.00164234638 
-1.11214721203 
-1.40623891354 
-1.39735138416 
-1.45179474354 
-1.4919012785 
-0.850282073021 
-1.70023286343 
-1.41395115852 
-0.820288777351 
-0.583600997925 
-0.692185342312 
-0.769857048988 
-0.776192843914 
-0.465242981911 
0.144819647074 
-0.00921659823507 
0.589014649391 
0.4278870821 
0.271431475878 
0.745419025421 
0.413254290819 
0.602669239044 
0.139898434281 
0.131854131818 
1.53253114223 
1.55926191807 
1.48316955566 
1.42079913616 
1.10843265057 
1.38501751423 
0.947034955025 
0.680590569973 
0.743482232094 
0.966771423817 
1.16631495953 
0.977621018887 
0.788282990456 
0.488690137863 
0.0897263810039 
0.18993203342 
-0.105579480529 
-0.383433759212 
-0.847763121128 
-1.50161862373 
-1.62656354904 
-1.32837820053 
-1.69612956047 
-1.16646206379 
-0.787625908852 
-1.01646471024 
-0.692603588104 
-1.13212025166 
-1.2143676281 
-1.50951802731 
-1.69397199154 
-1.3144466877 
-1.53926897049 
-1.14021801949 
-1.22975313663 
-1.10570514202 
-1.32621657848 
-0.805579721928 
-0.658762693405 
-0.0150689696893 
-0.307309746742 
-0.123000137508 
0.190010592341 
0.0167469289154 
0.276603192091 
0.495334029198 
0.229282647371 
0.0723784267902 
0.100646793842 
-0.430529952049 
1.18624007702 
1.39509320259 
0.900176465511 
1.06277680397 
1.28865849972 
1.25689470768 
0.679404556751 
0.322808653116 
0.700345933437 
0.78193539381 
0.619828701019 
0.877660632133 
0.764028429985 
0.580070734024 
0.38553622365 
0.204257085919 
-0.00622341828421 
-0.707015097141 
-1.16928446293 
-0.973455429077 
-1.3829447031 
-0.813442230225 
-1.28109288216 
-1.15037286282 
-0.648170828819 
-0.591081976891 
-0.357639551163 
-0.961237370968 
-1.39506578445 
-1.57716822624 
-1.62228119373 
-1.64895129204 
-1.17743682861 
-1.51591861248 
-1.19015061855 
-0.846227586269 
-0.82417011261 
-0.775303304195 
-0.888014554977 
-0.855002641678 
-0.928808808327 
-0.320683956146 
0.086406648159 
0.475388050079 
0.336066752672 
0.479468882084 
-0.657616853714 
-0.514885902405 
0.0198812652379 
-0.341478735209 
0.809690535069 
1.16472601891 
0.992621541023 
0.907670497894 
1.02710330486 
1.28118133545 
1.26044642925 
0.982221186161 
1.20230185986 
0.735327422619 
0.664726674557 
0.515815377235 
0.387692034245 
0.0544911362231 
-0.164734840393 
0.451229602098 
0.293604165316 
-0.367310017347 
-1.28542673588 
-0.952480852604 
-1.30532443523 
-1.05484926701 
-1.16784930229 
-1.2336858511 
-1.09121477604 
-0.492791384459 
-0.748207986355 
-0.972370803356 
-1.18425250053 
-1.64232563972 
-1.32464635372 
-1.68094074726 
-1.2652503252 
-1.64492928982 
-1.19574689865 
-1.10402882099 
-1.00479269028 
-0.632293760777 
-1.26717984676 
-0.917707145214 
-0.543375194073 
-0.571078240871 
-0.151674985886 
0.0373136848211 
-0.262349247932 
-0.760172665119 
-0.57970136404 
-0.431054472923 
-0.661263227463 
0.0761903598905 
0.631284177303 
0.980089366436 
1.17322981358 
1.00615990162 
0.91006821394 
1.63678789139 
1.79254865646 
1.32823860645 
0.718831002712 
0.646254777908 
0.486644536257 
0.601994335651 
0.234538391232 
0.233212187886 
0.636555731297 
0.289896041155 
0.0696249604225 
-0.450813412666 
-0.701187193394 
-0.887246549129 
-1.52254140377 
-1.4472155571 
-1.05195915699 
-1.40348422527 
-1.05092310905 
-1.21365439892 
-0.856923401356 
-0.685158848763 
-1.41147100925 
-1.23605036736 
-0.858415424824 
-0.88258510828 
-1.57481765747 
-1.33452248573 
-1.18382453918 
-1.23343038559 
-0.959044098854 
-0.936045706272 
-1.08506250381 
-0.855341374874 
-0.456072688103 
-0.607626497746 
-0.0174876116216 
-0.00763919856399 
-0.15319648385 
0.0421772934496 
0.00326569378376 
-0.489146828651 
-0.22863830626 
0.15010677278 
0.12273991853 
-0.2242154181 
0.174485981464 
0.74044084549 
1.04086625576 
1.71663463116 
2.00196170807 
1.2426930666 
0.828005552292 
0.413491815329 
0.33875054121 
0.646528184414 
0.495767295361 
0.289079934359 
0.136684820056 
0.234697654843 
0.00580946821719 
-0.723997414112 
-1.31103229523 
-0.905957758427 
-1.13673436642 
-1.61618113518 
-1.55905091763 
-1.62848544121 
-1.53022694588 
-1.12975716591 
-0.86632758379 
-0.93109947443 
-0.87176412344 
-0.908201336861 
-0.380798786879 
-0.593466758728 
-0.79448133707 
-1.42733454704 
-0.688924014568 
-1.4792137146 
-1.37013280392 
-0.816956877708 
-1.00739467144 
-0.869213104248 
-0.994333267212 
-0.822230577469 
-0.285824239254 
-0.0378429628909 
-0.339012414217 
-0.201954483986 
-0.0374284796417 
-0.155216813087 
-0.357535392046 
-0.218773826957 
-0.0798696279526 
0.519562721252 
0.10704151541 
0.85128980875 
1.11072039604 
1.505412817 
1.57923638821 
1.03575623035 
0.745430111885 
0.604326486588 
0.118715062737 
-0.0919338539243 
0.103337943554 
0.223102003336 
-0.489651560783 
-0.246100455523 
-0.440521866083 
-1.07938981056 
-1.24234700203 
-1.23955488205 
-1.52533781528 
-2.16478872299 
-2.09261918068 
-1.7518030405 
-1.46602392197 
-1.02810811996 
-0.979303836823 
-0.862022995949 
-0.648772776127 
-0.590488016605 
-0.215924531221 
-0.0220357440412 
-0.450704813004 
-0.905879855156 
-0.967378914356 
-1.02340877056 
-1.4300287962 
-1.03308689594 
-0.838826656342 
-0.520489037037 
-0.755113959312 
-1.10067868233 
-0.809173464775 
-0.27714791894 
-0.0901687443256 
-0.0461918637156 
0.214647963643 
-0.198784545064 
-0.446364700794 
-0.237130641937 
-0.174732983112 
0.45880100131 
0.498239815235 
0.759869098663 
0.785075187683 
1.43239343166 
0.918356716633 
0.545613348484 
0.134617522359 
0.0367607586086 
-0.40657299757 
-0.19180893898 
-0.161278799176 
-0.456579327583 
-0.553072333336 
-0.772561967373 
-0.823565363884 
-1.19833219051 
-1.39723861217 
-1.45536577702 
-2.42377877235 
-2.71934485435 
-2.23326516151 
-2.27106523514 
-2.24336194992 
-1.2874724865 
-1.06306099892 
-0.556444406509 
-0.260820329189 
-0.647566318512 
-0.0179802142084 
0.136374518275 
-0.366904258728 
-0.31242454052 
-0.789746105671 
-0.587306380272 
-0.7180352211 
-0.861348509789 
-0.77099275589 
-0.7696403265 
-1.11040353775 
-1.02687144279 
-0.790808439255 
-0.619150459766 
-0.169522404671 
-0.521474063396 
-0.544420659542 
-0.100147530437 
-0.164748057723 
0.154213666916 
-0.0714027807117 
0.216142088175 
0.0650791749358 
0.219328120351 
0.872823953629 
1.49151837826 
0.958363294601 
0.497153043747 
0.437071025372 
-0.0417573302984 
-0.338699311018 
-0.472293138504 
-0.553342461586 
-0.646308362484 
-0.98227751255 
-0.90169698 
-0.783848822117 
-1.46130013466 
-1.70186471939 
-2.07017350197 
-2.35559296608 
-2.35024905205 
-2.087651968 
-2.02014899254 
-1.83655881882 
-1.40788435936 
-1.36220312119 
-0.930351495743 
-0.606745123863 
-0.347426980734 
0.165261119604 
0.412476122379 
0.0479440204799 
-0.29948592186 
-0.161569327116 
-0.0169294532388 
-0.684993207455 
-0.486380636692 
-0.832734465599 
-1.1625777483 
-1.37446987629 
-1.36142897606 
-1.29154884815 
-0.920455873013 
-0.656293749809 
-0.928470909595 
-0.590700387955 
-0.368182450533 
0.067987523973 
0.359794706106 
0.0916923359036 
0.301893830299 
-0.420304089785 
-0.0932805910707 
0.303968250751 
0.419142663479 
0.816614210606 
0.503448367119 
0.025821140036 
-0.217274740338 
-0.135956808925 
-0.62011384964 
-0.634555876255 
-1.17045497894 
-1.01299512386 
-0.482740908861 
-0.768904328346 
-0.840144872665 
-1.1466370821 
-1.96924805641 
-2.22500252724 
-2.01942133904 
-2.01073265076 
-1.74130964279 
-1.81559288502 
-1.5028668642 
-1.21719372272 
-0.659154117107 
-0.450002044439 
-0.0140921575949 
0.329265296459 
0.543855845928 
0.479528337717 
-0.0977255403996 
0.146302223206 
-0.135074600577 
-0.392724603415 
-0.280807882547 
-0.599806964397 
-0.657719910145 
-0.743769049644 
-1.1599843502 
-1.07766020298 
-0.56872522831 
-0.991613805294 
-0.996880948544 
-0.762763082981 
-0.614244222641 
0.154360368848 
-0.224278077483 
0.00746461888775 
0.351103544235 
0.0980050563812 
-0.024243503809 
0.651696681976 
0.481699854136 
0.118976488709 
0.345446288586 
0.665541052818 
-0.0914271995425 
-0.244763284922 
-0.33675095439 
-0.610373318195 
-1.35087490082 
-0.765652835369 
-0.344169259071 
-0.969584286213 
-0.771334052086 
-0.892296254635 
-1.06913971901 
-1.66309356689 
-1.99898028374 
-2.15644145012 
-1.92608368397 
-2.05232405663 
-1.53730022907 
-0.793819606304 
-0.111257322133 
0.0981998220086 
0.156273037195 
0.142977312207 
0.487385541201 
0.114278711379 
0.147292733192 
-0.00415553711355 
-0.528967261314 
-0.524897515774 
-0.596209585667 
-0.422006547451 
-0.365041077137 
-0.834588646889 
-0.966689765453 
-1.21327424049 
-1.23409724236 
-1.26337087154 
-0.672764122486 
-0.548361003399 
-0.208674833179 
-0.0374412573874 
0.190294340253 
0.156922146678 
0.264191776514 
0.330799132586 
0.298015087843 
0.644540071487 
0.641081035137 
0.330816507339 
0.204117745161 
0.118835739791 
0.107745997608 
-0.175076603889 
0.164630308747 
-0.584997355938 
-1.16797053814 
-1.01140069962 
-0.86366122961 
-0.918420791626 
-0.304755985737 
-0.700749576092 
-1.08811247349 
-1.2289634943 
-1.66379237175 
-1.53915345669 
-1.50388610363 
-1.52003359795 
-1.5319019556 
-0.966820418835 
-0.278995156288 
-0.184972897172 
0.193166583776 
0.489722669125 
0.331400871277 
0.14369276166 
-0.224851369858 
-0.37243527174 
-0.645443022251 
-0.488618403673 
-0.227589830756 
-0.361699491739 
-0.211037412286 
-0.660406649113 
-1.11815786362 
-0.763927042484 
-0.846161186695 
-1.07051324844 
-0.618999004364 
-0.596739351749 
-1.04604887962 
-0.472509860992 
0.4637568295 
-0.129648968577 
0.206007480621 
0.37644058466 
0.473043143749 
1.10584497452 
0.535194396973 
0.489845395088 
0.681824743748 
0.736043095589 
0.493584036827 
0.327505320311 
-0.280978709459 
-0.263132452965 
-1.21880960464 
-0.880562841892 
-0.825426399708 
-0.614260435104 
-0.904713749886 
-1.16772353649 
-1.35958003998 
-1.19074296951 
-1.35595417023 
-1.30693149567 
-1.27236926556 
-1.16521823406 
-0.762577056885 
-0.268969386816 
0.0475254319608 
0.0959971696138 
0.664587378502 
0.497945129871 
0.452665865421 
0.462285995483 
-0.564191222191 
-0.589649021626 
0.199764102697 
-0.225993826985 
0.0158516485244 
-0.25647136569 
-0.351669073105 
-0.191860750318 
0.02871019952 
-0.298168092966 
-0.707199156284 
-0.474763900042 
-0.0915150567889 
-0.547442376614 
-1.19045317173 
-0.22431281209 
0.227643117309 
-0.0260008648038 
0.321099460125 
0.642657458782 
1.33574509621 
1.05549871922 
1.00563383102 
0.967752695084 
0.821928918362 
0.479410350323 
0.0911602452397 
-0.108758084476 
-0.0821688473225 
-0.194880262017 
-0.751435935497 
-0.874590933323 
-1.0661700964 
-0.876230180264 
-1.02686929703 
-1.31976604462 
-1.42808294296 
-1.55148124695 
-1.26121985912 
-1.43110084534 
-1.51089954376 
-0.73508310318 
0.0991244092584 
0.195291683078 
0.529579162598 
1.12115120888 
0.681456685066 
0.653584182262 
0.504047691822 
0.100125856698 
0.177688598633 
0.371959239244 
0.856365263462 
0.781786382198 
0.295364588499 
0.277687072754 
-0.202266901731 
0.101257398725 
0.256008863449 
-0.0208152942359 
0.122828006744 
0.162286058068 
-0.31039878726 
-0.0428574346006 
-0.0761335194111 
-0.157056480646 
-0.264259248972 
0.15888376534 
0.937759280205 
0.571142852306 
0.846486210823 
1.50831222534 
1.26101982594 
0.947842538357 
0.82355928421 
0.836688220501 
0.350907891989 
0.493922531605 
-0.0394327789545 
-0.0436706356704 
-0.775965154171 
-0.971342325211 
-1.06540906429 
-0.974937438965 
-1.10983526707 
-1.43812036514 
-1.8683565855 
-1.82234120369 
-1.35372209549 
-1.28193163872 
-0.918025612831 
-0.312097400427 
0.00517529482022 
0.162850186229 
1.0790501833 
0.911107957363 
0.949789464474 
0.931736528873 
0.808698117733 
0.755403518677 
0.686675071716 
0.661530733109 
0.636518657207 
0.824502050877 
0.776165783405 
0.354905366898 
0.288491636515 
0.338755995035 
0.576665937901 
0.403533875942 
0.293615013361 
0.297081649303 
0.473081827164 
0.245615214109 
0.314278781414 
0.535999238491 
0.186093777418 
0.367966890335 
0.703495979309 
0.454055100679 
0.802234232426 
1.10358440876 
1.16519570351 
0.867590665817 
0.663703739643 
0.646699249744 
0.290596276522 
0.236612766981 
0.141178205609 
-0.407377004623 
-0.855250298977 
-0.911025345325 
-1.2294934988 
-1.53032720089 
-1.87469017506 
-2.12232995033 
-2.22010946274 
-1.87915623188 
-1.71644091606 
-1.72226071358 
-1.07561993599 
-0.0415632650256 
0.823811650276 
0.929692089558 
1.06394398212 
0.989988327026 
1.23216712475 
1.37726819515 
1.54433202744 
0.815921485424 
0.956334531307 
0.764518201351 
0.26242813468 
0.59318625927 
0.6828353405 
1.2817029953 
0.566851973534 
0.579997718334 
0.408497542143 
0.584758400917 
0.940477788448 
0.890957117081 
0.833783864975 
0.513053774834 
0.708709895611 
1.19950115681 
0.265041768551 
0.0770833641291 
0.347658842802 
0.518843173981 
1.02457606792 
1.20259916782 
0.554095447063 
0.355259776115 
0.571859776974 
0.822360575199 
0.389817148447 
0.110971078277 
-0.0472895652056 
-0.317482054234 
-0.574679374695 
-0.993013143539 
-1.6040892601 
-1.83259963989 
-2.45603823662 
-2.55493783951 
-2.42202281952 
-2.20158433914 
-1.85099387169 
-1.80532240868 
-1.03438878059 
-0.159741744399 
0.266476839781 
0.921797931194 
1.09812617302 
1.11974143982 
1.21254122257 
1.42465984821 
1.77062284946 
1.34237289429 
1.12804746628 
1.27276456356 
0.87947177887 
0.921580970287 
0.810365498066 
1.15223956108 
0.645434737206 
0.230323463678 
0.672057211399 
0.367433518171 
0.715075969696 
0.71261203289 
0.222900003195 
0.62381362915 
0.927164435387 
1.12325441837 
0.296352803707 
0.138471916318 
0.53535848856 
0.518602848053 
0.7911054492 
0.937641918659 
1.07216584682 
0.89772516489 
0.615499258041 
0.198350340128 
0.0512001886964 
-0.0788296610117 
-0.145155340433 
-0.301447987556 
-0.643328547478 
-0.835506796837 
-1.87009644508 
-2.21443462372 
-2.28850436211 
-2.6461057663 
-1.9616574049 
-1.78834652901 
-1.93948352337 
-1.75752639771 
-1.07799220085 
-0.0811830088496 
0.103849560022 
0.350795924664 
0.775115847588 
0.576873958111 
1.21519136429 
1.64508736134 
1.91813206673 
1.07045960426 
1.04354441166 
1.36078488827 
1.25893938541 
1.1341291666 
1.00707423687 
0.89439958334 
0.536668121815 
0.753062307835 
0.244134828448 
0.691585242748 
0.50001013279 
0.36932221055 
0.618856847286 
1.83249378204 
1.47062289715 
1.06708872318 
0.316821962595 
0.484807759523 
0.757220923901 
1.44746351242 
1.22422122955 
0.898766636848 
0.81463944912 
1.13235712051 
0.548978090286 
0.334965318441 
0.228336960077 
0.0848740041256 
-0.402688801289 
-0.255509734154 
-0.447597831488 
-0.572756707668 
-1.51737308502 
-2.03261232376 
-2.53777003288 
-1.9845366478 
-1.82657146454 
-1.88992774487 
-1.82371664047 
-1.62622916698 
-0.73806065321 
-0.0830360651016 
0.0727844908834 
0.0818793028593 
1.19611275196 
1.09352743626 
1.13066577911 
1.58847475052 
1.61979627609 
0.885873436928 
1.33458602428 
1.45205056667 
1.26793527603 
1.12688982487 
1.00566256046 
1.15888428688 
1.24665915966 
0.988206446171 
0.910293877125 
0.949627280235 
0.49563151598 
0.915676593781 
1.27653062344 
1.62603449821 
1.3689596653 
0.897935926914 
0.343909949064 
0.574569761753 
0.695557296276 
0.857010960579 
1.10886132717 
1.44227969646 
1.17129647732 
1.02969884872 
0.681602358818 
0.563405811787 
0.270825028419 
-0.219795763493 
-0.337582468987 
-0.404857099056 
-0.470482170582 
-0.641846895218 
-0.96972244978 
-1.81742548943 
-2.22132587433 
-1.7359803915 
-1.79897964001 
-2.05527830124 
-1.77476966381 
-1.56466686726 
-1.15063107014 
-0.120411917567 
0.349083513021 
0.64695161581 
1.41696572304 
1.52271914482 
1.37372434139 
1.89997172356 
1.62481927872 
1.00582206249 
1.03183960915 
1.56154167652 
1.47090137005 
1.09265804291 
1.36293148994 
1.24550485611 
0.891506791115 
1.0525226593 
0.802943229675 
0.735805869102 
0.413221716881 
1.13680517673 
0.907262325287 
1.23225438595 
1.25035881996 
0.626014828682 
0.636644005775 
0.466158181429 
1.18198609352 
1.24885630608 
0.821730792522 
0.807160079479 
0.62413173914 
0.70364099741 
0.768947482109 
0.405685991049 
0.0744983106852 
-0.232607796788 
-0.478770673275 
-0.73695141077 
-0.932439804077 
-0.407845467329 
-1.31051659584 
-1.42412042618 
-1.36922121048 
-1.24726331234 
-1.23699188232 
-1.25632417202 
-1.5380396843 
-1.51863026619 
-1.03900003433 
0.225732669234 
0.580117881298 
0.543851315975 
1.32891595364 
1.56104397774 
1.701851964 
1.56375801563 
1.50840353966 
0.884867012501 
0.902363598347 
1.35780286789 
1.25422382355 
1.37389171124 
1.70394361019 
1.33546113968 
0.796058058739 
1.2280318737 
1.01161575317 
0.664748311043 
0.569513976574 
0.862224161625 
1.00691831112 
0.615982353687 
0.806922733784 
0.680101752281 
0.569000959396 
0.294463962317 
0.965533435345 
1.20118629932 
0.912798345089 
0.933898210526 
0.260891288519 
0.242414966226 
0.266809433699 
0.171473711729 
0.108287028968 
-0.251044511795 
-0.605421900749 
-1.17028474808 
-0.870999157429 
-1.40782487392 
-1.06097865105 
-1.32221126556 
-1.58037555218 
-1.69823980331 
-1.34724807739 
-1.34200060368 
-1.17798948288 
-1.06021523476 
-1.07837033272 
-0.0906966179609 
0.49204325676 
0.800600230694 
0.781506180763 
0.941937685013 
1.42238306999 
1.60360658169 
1.36156094074 
1.26967465878 
1.14328467846 
0.970451235771 
0.884400427341 
1.22702229023 
1.55985844135 
1.59227454662 
1.61893522739 
1.02061128616 
1.38010680676 
1.32998931408 
0.892808318138 
0.806026279926 
0.878393828869 
0.631529331207 
0.563734471798 
0.283035129309 
0.188446551561 
0.0740887001157 
0.655660510063 
0.833301186562 
0.535407781601 
0.659791409969 
0.315530210733 
0.136077001691 
-0.0320459082723 
-0.154176488519 
-0.026344249025 
-0.569923877716 
-0.941081047058 
-1.24403941631 
-1.21132111549 
-1.35840725899 
-1.36196887493 
-1.14974963665 
-1.39574825764 
-1.90972185135 
-1.80346858501 
-1.85127449036 
-0.931468486786 
-1.34652173519 
-1.24667370319 
-0.865899443626 
0.455343127251 
1.0300976038 
0.897048652172 
0.581413209438 
0.941328465939 
1.30127072334 
1.09037518501 
1.0684928894 
0.860194206238 
1.1299431324 
1.0617133379 
1.08609521389 
1.38417518139 
1.79623329639 
1.85689377785 
1.50376963615 
1.41333115101 
1.18727350235 
1.46200096607 
1.22587823868 
0.959031999111 
0.62710827589 
0.75782430172 
-0.578038454056 
-0.526433110237 
-0.0539459958673 
0.274307847023 
0.564927697182 
0.507604897022 
0.653313398361 
0.106030866504 
0.0573043748736 
-0.149698197842 
-0.251683682203 
-0.341972440481 
-0.250121891499 
-1.24876725674 
-1.38448178768 
-1.22423136234 
-1.3852738142 
-1.41458439827 
-0.715049445629 
-0.96602088213 
-1.40451741219 
-1.75442802906 
-1.61038029194 
-0.546526730061 
-0.543905735016 
-0.537895441055 
-0.387763231993 
0.336235433817 
0.865027010441 
0.687855541706 
0.595688760281 
0.859452724457 
0.974262535572 
0.980440735817 
1.22744596004 
1.17892575264 
0.943277299404 
0.787192821503 
1.75881016254 
1.8056794405 
2.11860823631 
1.43985319138 
1.33560538292 
1.33371412754 
1.20350170135 
1.59776866436 
1.2886813879 
1.65047681332 
1.0181132555 
0.0521923601627 
-0.344340413809 
-0.346510648727 
-0.261608809233 
-0.0601473413408 
0.145062565804 
0.0744884461164 
0.0160773061216 
-0.245512962341 
-0.168473139405 
-0.448027193546 
-0.544399440289 
-0.409580886364 
-0.398341804743 
-0.994231045246 
-1.46842098236 
-1.34812295437 
-1.31878745556 
-1.23148477077 
-0.888574779034 
-1.29356312752 
-0.922109901905 
-0.862565755844 
-0.943538606167 
-0.692019581795 
-0.397448182106 
-0.0229408685118 
-0.189035534859 
0.303082793951 
1.02476859093 
1.21536457539 
1.17829012871 
0.401037961245 
0.695160627365 
0.927825570107 
1.47922980785 
0.868164658546 
0.826233267784 
1.00925385952 
1.38107526302 
1.68075025082 
1.96075475216 
2.10783052444 
1.31778931618 
1.18052339554 
1.48940312862 
1.37018704414 
1.47505390644 
1.65057682991 
0.918688714504 
0.249399602413 
0.316515296698 
-0.0477224104106 
-0.179181933403 
-0.581507861614 
-0.308642238379 
-0.0639695823193 
-0.115817345679 
-0.748662471771 
-0.54195356369 
-0.476196080446 
-0.676838755608 
-0.684768855572 
-0.706598997116 
-0.72652131319 
-1.28633821011 
-1.48612570763 
-1.22776305676 
-0.893990755081 
-0.67969340086 
-1.37710213661 
-1.33275330067 
-0.888072431087 
-0.855856001377 
-1.23905277252 
-0.876650989056 
-0.325412660837 
-0.122095644474 
0.614190995693 
0.796310245991 
1.06679904461 
1.45717012882 
0.597348928452 
0.83581250906 
1.22618985176 
1.13551449776 
1.24162244797 
1.02494490147 
0.766500234604 
1.42289328575 
1.64662873745 
1.77351641655 
1.5769572258 
1.63469696045 
1.56962585449 
1.35350215435 
0.856952309608 
1.45221841335 
1.26001966 
0.279844880104 
0.182907953858 
0.350086122751 
0.516076087952 
0.0406349673867 
-0.604749143124 
-1.068795681 
-0.559813141823 
-0.180368885398 
-0.276334911585 
-0.534148275852 
-0.764372766018 
-0.679727375507 
-0.819000124931 
-0.578032314777 
-0.813982605934 
-1.22218322754 
-0.543993532658 
-0.583782434464 
-0.935485363007 
-0.826086342335 
-1.00557363033 
-1.2776042223 
-1.07520186901 
-1.2147756815 
-0.976256787777 
-0.962052881718 
-0.689407706261 
-0.0868168622255 
0.893119573593 
0.943831324577 
0.75658249855 
1.19405472279 
1.04106068611 
0.982916414738 
1.1458003521 
1.44183027744 
1.24657940865 
1.04519510269 
1.01476299763 
0.805377662182 
1.44653224945 
1.23615062237 
1.57578396797 
1.9292088747 
1.2909591198 
0.897596180439 
0.842211127281 
1.15240252018 
0.898781239986 
0.471967995167 
0.369100660086 
0.274340689182 
0.44598415494 
0.259473413229 
-0.103998169303 
-0.425644516945 
-0.634353101254 
-0.666076362133 
-0.991541743279 
-1.03700768948 
-1.09592688084 
-0.890745997429 
-1.08469343185 
-0.787505865097 
-1.08113646507 
-0.714124619961 
-0.170138582587 
0.122286617756 
-0.228227317333 
-0.745257198811 
-1.20901441574 
-1.26876986027 
-0.826275348663 
-0.938329935074 
-0.47134655714 
-1.16979837418 
-0.731707453728 
0.0527559891343 
0.713209748268 
0.792293965816 
0.570633292198 
1.08225691319 
1.50023460388 
0.987186133862 
0.754620373249 
1.35773992538 
0.774819612503 
1.26541209221 
0.832673311234 
1.25508594513 
1.51858854294 
1.6333206892 
1.73276531696 
1.26528477669 
0.93301397562 
0.54481112957 
0.989772498608 
0.686268746853 
0.607832074165 
0.098820194602 
0.404253512621 
0.549675524235 
0.449617892504 
